AVERAGE PRECISION = nan 
lat, long, sf, bw, lsnr, RSSI, len, tmst_dif, TESTE, PREDICT, PROB, DECISION 
[38.723804, -9.161392, 12, 125, -12.2, -117.0, 28, 4004] 		, 0 , 0 , [1. 0.]	, NORMAL
[38.723804, -9.161392, 12, 125, -12.8, -118.0, 28, 55057] 		, 0 , 0 , [1. 0.]	, NORMAL
[38.723804, -9.161392, 12, 125, -11.0, -117.0, 28, 5005] 		, 0 , 0 , [1. 0.]	, NORMAL
[38.723804, -9.161392, 12, 125, -10.2, -118.0, 28, 58060] 		, 0 , 0 , [1. 0.]	, NORMAL
[38.723804, -9.161392, 12, 125, -12.2, -117.0, 28, 63066] 		, 0 , 0 , [1. 0.]	, NORMAL
[38.723804, -9.161392, 12, 125, -14.5, -113.0, 28, 63066] 		, 0 , 0 , [1. 0.]	, NORMAL
[38.723804, -9.161392, 12, 125, -12.5, -101.0, 28, 5005] 		, 0 , 0 , [1. 0.]	, NORMAL
[38.723804, -9.161392, 12, 125, -12.2, -118.0, 28, 58060] 		, 0 , 0 , [1. 0.]	, NORMAL
[38.723804, -9.161392, 12, 125, -10.8, -117.0, 28, 5005] 		, 0 , 0 , [1. 0.]	, NORMAL
[38.723804, -9.161392, 12, 125, -12.2, -115.0, 28, 62065] 		, 0 , 0 , [1. 0.]	, NORMAL
[38.723804, -9.161392, 12, 125, -13.5, -117.0, 28, 4064] 		, 0 , 0 , [1. 0.]	, NORMAL
[38.723804, -9.161392, 12, 125, -13.2, -117.0, 28, 56078] 		, 0 , 0 , [1. 0.]	, NORMAL
[38.723804, -9.161392, 12, 125, -13.5, -116.0, 28, 3924] 		, 0 , 0 , [1. 0.]	, NORMAL
[38.723804, -9.161392, 12, 125, -13.8, -114.0, 28, 61064] 		, 0 , 0 , [1. 0.]	, NORMAL
[38.723804, -9.161392, 12, 125, -15.2, -112.0, 28, 8008] 		, 0 , 0 , [1. 0.]	, NORMAL
[38.723804, -9.161392, 12, 125, -11.2, -117.0, 28, 56138] 		, 0 , 0 , [1. 0.]	, NORMAL
[38.723804, -9.161392, 12, 125, -12.5, -115.0, 28, 3924] 		, 0 , 0 , [1. 0.]	, NORMAL
[38.723804, -9.161392, 12, 125, -13.2, -119.0, 28, 4005] 		, 0 , 0 , [1. 0.]	, NORMAL
[38.723804, -9.161392, 12, 125, -12.0, -116.0, 28, 60142] 		, 0 , 0 , [1. 0.]	, NORMAL
[38.723804, -9.161392, 12, 125, -11.0, -116.0, 28, 59962] 		, 0 , 0 , [1. 0.]	, NORMAL
[38.723804, -9.161392, 12, 125, -12.5, -116.0, 28, 9010] 		, 0 , 0 , [1. 0.]	, NORMAL
[38.723804, -9.161392, 12, 125, -13.0, -117.0, 28, 56078] 		, 0 , 0 , [1. 0.]	, NORMAL
[38.723804, -9.161392, 12, 125, -13.5, -116.0, 28, 3984] 		, 0 , 0 , [1. 0.]	, NORMAL
[38.723804, -9.161392, 12, 125, -17.2, -112.0, 28, 124129] 		, 0 , 0 , [1. 0.]	, NORMAL
[38.723804, -9.161392, 12, 125, -12.5, -117.0, 28, 72095] 		, 0 , 0 , [1. 0.]	, NORMAL
[38.723804, -9.161392, 12, 125, -12.2, -116.0, 28, 66049] 		, 0 , 0 , [1. 0.]	, NORMAL
[38.723804, -9.161392, 12, 125, -12.2, -116.0, 28, 58060] 		, 0 , 0 , [1. 0.]	, NORMAL
[38.723804, -9.161392, 12, 125, -12.2, -117.0, 28, 5005] 		, 0 , 0 , [1. 0.]	, NORMAL
[38.723804, -9.161392, 12, 125, -11.0, -112.0, 28, 53055] 		, 0 , 0 , [1. 0.]	, NORMAL
[38.723804, -9.161392, 12, 125, -16.8, -115.0, 28, 8009] 		, 0 , 0 , [1. 0.]	, NORMAL
[38.723804, -9.161392, 12, 125, -11.0, -116.0, 28, 55077] 		, 0 , 0 , [1. 0.]	, NORMAL
[38.723804, -9.161392, 12, 125, -11.0, -116.0, 28, 4985] 		, 0 , 0 , [1. 0.]	, NORMAL
[38.723804, -9.161392, 12, 125, -10.8, -117.0, 28, 58060] 		, 0 , 0 , [1. 0.]	, NORMAL
[38.723804, -9.161392, 12, 125, -14.0, -113.0, 28, 9010] 		, 0 , 0 , [1. 0.]	, NORMAL
[38.723804, -9.161392, 12, 125, -13.0, -115.0, 28, 180187] 		, 0 , 0 , [1. 0.]	, NORMAL
[38.723804, -9.161392, 12, 125, -12.5, -117.0, 28, 5005] 		, 0 , 0 , [1. 0.]	, NORMAL
[38.723804, -9.161392, 12, 125, -14.5, -119.0, 28, 5005] 		, 0 , 0 , [1. 0.]	, NORMAL
[38.723804, -9.161392, 12, 125, -15.0, -117.0, 28, 57060] 		, 0 , 0 , [1. 0.]	, NORMAL
[38.723804, -9.161392, 12, 125, -12.8, -119.0, 28, 59061] 		, 0 , 0 , [1. 0.]	, NORMAL
[38.723804, -9.161392, 12, 125, -11.5, -116.0, 28, 5005] 		, 0 , 0 , [1. 0.]	, NORMAL
[38.723804, -9.161392, 12, 125, -14.0, -117.0, 28, 58061] 		, 0 , 0 , [1. 0.]	, NORMAL
[38.723804, -9.161392, 12, 125, -16.5, -109.0, 28, 5005] 		, 0 , 0 , [1. 0.]	, NORMAL
[38.723804, -9.161392, 12, 125, -12.0, -115.0, 28, 5005] 		, 0 , 0 , [1. 0.]	, NORMAL
[38.723804, -9.161392, 12, 125, -12.5, -115.0, 28, 53055] 		, 0 , 0 , [1. 0.]	, NORMAL
[38.723804, -9.161392, 12, 125, -10.0, -117.0, 28, 67070] 		, 0 , 0 , [1. 0.]	, NORMAL
[38.723804, -9.161392, 12, 125, -12.5, -116.0, 28, 4004] 		, 0 , 0 , [1. 0.]	, NORMAL
[38.723804, -9.161392, 12, 125, -11.8, -115.0, 28, 64147] 		, 0 , 0 , [1. 0.]	, NORMAL
[38.723804, -9.161392, 12, 125, -12.8, -117.0, 28, 53976] 		, 0 , 0 , [1. 0.]	, NORMAL
[38.723804, -9.161392, 12, 125, -14.2, -113.0, 28, 5065] 		, 0 , 0 , [1. 0.]	, NORMAL
[38.723804, -9.161392, 12, 125, -11.8, -117.0, 28, 56999] 		, 0 , 0 , [1. 0.]	, NORMAL
[38.723804, -9.161392, 12, 125, -12.8, -118.0, 28, 8009] 		, 0 , 0 , [1. 0.]	, NORMAL
[38.723804, -9.161392, 12, 125, -10.5, -117.0, 28, 54056] 		, 0 , 0 , [1. 0.]	, NORMAL
[38.723804, -9.161392, 12, 125, -16.5, -113.0, 28, 4004] 		, 0 , 0 , [1. 0.]	, NORMAL
[38.723804, -9.161392, 12, 125, -13.8, -115.0, 28, 4004] 		, 0 , 0 , [1. 0.]	, NORMAL
[38.723804, -9.161392, 12, 125, -12.8, -116.0, 28, 55057] 		, 0 , 0 , [1. 0.]	, NORMAL
[38.723804, -9.161392, 12, 125, -15.2, -118.0, 28, 4004] 		, 0 , 0 , [1. 0.]	, NORMAL
[38.723804, -9.161392, 12, 125, -11.2, -118.0, 28, 58061] 		, 0 , 0 , [1. 0.]	, NORMAL
[38.723804, -9.161392, 12, 125, -13.8, -117.0, 28, 4004] 		, 0 , 0 , [1. 0.]	, NORMAL
[38.723804, -9.161392, 12, 125, -9.8, -118.0, 28, 59061] 		, 0 , 0 , [1. 0.]	, NORMAL
[38.723804, -9.161392, 12, 125, -14.2, -116.0, 28, 4004] 		, 0 , 0 , [1. 0.]	, NORMAL
[38.723804, -9.161392, 12, 125, -9.5, -118.0, 28, 4005] 		, 0 , 0 , [1. 0.]	, NORMAL
[38.723804, -9.161392, 12, 125, -17.0, -108.0, 28, 55057] 		, 0 , 0 , [1. 0.]	, NORMAL
[38.723804, -9.161392, 12, 125, -12.5, -118.0, 28, 4004] 		, 0 , 0 , [1. 0.]	, NORMAL
[38.723804, -9.161392, 12, 125, -12.0, -116.0, 28, 4044] 		, 0 , 0 , [1. 0.]	, NORMAL
[38.723804, -9.161392, 12, 125, -11.0, -119.0, 28, 63026] 		, 0 , 0 , [1. 0.]	, NORMAL
[38.723804, -9.161392, 12, 125, -12.8, -119.0, 28, 55037] 		, 0 , 0 , [1. 0.]	, NORMAL
[38.723804, -9.161392, 12, 125, -14.5, -117.0, 28, 5065] 		, 0 , 0 , [1. 0.]	, NORMAL
[38.723804, -9.161392, 12, 125, -13.2, -113.0, 28, 4024] 		, 0 , 0 , [0.8 0.2]	, DUVIDAS 0.2
[38.723804, -9.161392, 12, 125, -11.0, -111.0, 28, 53997] 		, 0 , 0 , [1. 0.]	, NORMAL
[38.723804, -9.161392, 12, 125, -12.5, -118.0, 28, 4985] 		, 0 , 0 , [1. 0.]	, NORMAL
[38.723804, -9.161392, 12, 125, -12.0, -116.0, 28, 4004] 		, 0 , 0 , [1. 0.]	, NORMAL
[38.723804, -9.161392, 12, 125, -12.5, -115.0, 28, 54076] 		, 0 , 0 , [1. 0.]	, NORMAL
[38.723804, -9.161392, 12, 125, -12.2, -117.0, 28, 64147] 		, 0 , 0 , [1. 0.]	, NORMAL
[38.723804, -9.161392, 12, 125, -10.5, -118.0, 28, 4925] 		, 0 , 0 , [1. 0.]	, NORMAL
[38.723804, -9.161392, 12, 125, -11.2, -116.0, 28, 4004] 		, 0 , 0 , [1. 0.]	, NORMAL
[38.723804, -9.161392, 12, 125, -12.0, -113.0, 28, 54036] 		, 0 , 0 , [1. 0.]	, NORMAL
[38.723804, -9.161392, 12, 125, -11.2, -118.0, 28, 4004] 		, 0 , 0 , [1. 0.]	, NORMAL
[38.723804, -9.161392, 12, 125, -12.0, -116.0, 28, 69092] 		, 0 , 0 , [1. 0.]	, NORMAL
[38.723804, -9.161392, 12, 125, -10.8, -114.0, 28, 53035] 		, 0 , 0 , [1. 0.]	, NORMAL
[38.723804, -9.161392, 12, 125, -11.5, -117.0, 28, 4004] 		, 0 , 0 , [1. 0.]	, NORMAL
[38.723804, -9.161392, 12, 125, -10.8, -116.0, 28, 5006] 		, 0 , 0 , [1. 0.]	, NORMAL
[38.723804, -9.161392, 12, 125, -10.8, -118.0, 28, 54096] 		, 0 , 0 , [1. 0.]	, NORMAL
[38.723804, -9.161392, 12, 125, -12.0, -118.0, 28, 3964] 		, 0 , 0 , [1. 0.]	, NORMAL
[38.723804, -9.161392, 12, 125, -10.0, -118.0, 28, 59142] 		, 0 , 0 , [1. 0.]	, NORMAL
[38.723804, -9.161392, 12, 125, -11.2, -117.0, 28, 3924] 		, 0 , 0 , [1. 0.]	, NORMAL
[38.723804, -9.161392, 12, 125, -11.8, -116.0, 28, 59061] 		, 0 , 0 , [1. 0.]	, NORMAL
[38.723804, -9.161392, 12, 125, -12.2, -118.0, 28, 5005] 		, 0 , 0 , [1. 0.]	, NORMAL
[38.723804, -9.161392, 12, 125, -11.8, -116.0, 28, 57060] 		, 0 , 0 , [1. 0.]	, NORMAL
[38.723804, -9.161392, 12, 125, -14.0, -113.0, 28, 4004] 		, 0 , 0 , [1. 0.]	, NORMAL
[38.723804, -9.161392, 12, 125, -10.5, -116.0, 28, 4004] 		, 0 , 0 , [1. 0.]	, NORMAL
[38.723804, -9.161392, 12, 125, -14.8, -115.0, 28, 54056] 		, 0 , 0 , [1. 0.]	, NORMAL
[38.723804, -9.161392, 12, 125, -12.0, -119.0, 28, 5005] 		, 0 , 0 , [1. 0.]	, NORMAL
[38.723804, -9.161392, 12, 125, -17.2, -114.0, 28, 119124] 		, 0 , 0 , [1. 0.]	, NORMAL
[38.723804, -9.161392, 12, 125, -11.8, -118.0, 28, 4085] 		, 0 , 0 , [1. 0.]	, NORMAL
[38.723804, -9.161392, 12, 125, -15.8, -116.0, 28, 3924] 		, 0 , 0 , [1. 0.]	, NORMAL
[38.723804, -9.161392, 12, 125, -11.0, -98.0, 28, 54136] 		, 0 , 0 , [1. 0.]	, NORMAL
[38.723804, -9.161392, 12, 125, -12.8, -116.0, 28, 3924] 		, 0 , 0 , [1. 0.]	, NORMAL
[38.723804, -9.161392, 12, 125, -11.2, -117.0, 28, 5005] 		, 0 , 0 , [1. 0.]	, NORMAL
[38.723804, -9.161392, 12, 125, -10.2, -117.0, 28, 58061] 		, 0 , 0 , [1. 0.]	, NORMAL
[38.723804, -9.161392, 12, 125, -12.2, -117.0, 28, 59061] 		, 0 , 0 , [1. 0.]	, NORMAL
[38.723804, -9.161392, 12, 125, -13.0, -115.0, 28, 5005] 		, 0 , 0 , [1. 0.]	, NORMAL
[38.723804, -9.161392, 12, 125, -12.5, -117.0, 28, 5046] 		, 0 , 0 , [1. 0.]	, NORMAL
[38.723804, -9.161392, 12, 125, -12.8, -118.0, 28, 53055] 		, 0 , 0 , [1. 0.]	, NORMAL
[38.723804, -9.161392, 12, 125, -10.5, -115.0, 28, 63025] 		, 0 , 0 , [1. 0.]	, NORMAL
[38.723804, -9.161392, 12, 125, -14.2, -116.0, 28, 8009] 		, 0 , 0 , [1. 0.]	, NORMAL
[38.723804, -9.161392, 12, 125, -11.2, -117.0, 28, 55057] 		, 0 , 0 , [1. 0.]	, NORMAL
[38.723804, -9.161392, 12, 125, -12.5, -117.0, 28, 63066] 		, 0 , 0 , [1. 0.]	, NORMAL
[38.723804, -9.161392, 12, 125, -12.5, -117.0, 28, 5005] 		, 0 , 0 , [1. 0.]	, NORMAL
[38.723804, -9.161392, 12, 125, -12.5, -117.0, 28, 5005] 		, 0 , 0 , [1. 0.]	, NORMAL
[38.723804, -9.161392, 12, 125, -10.0, -121.0, 28, 53055] 		, 0 , 0 , [1. 0.]	, NORMAL
[38.723804, -9.161392, 12, 125, -14.0, -119.0, 28, 5005] 		, 0 , 0 , [1. 0.]	, NORMAL
[38.723804, -9.161392, 12, 125, -11.2, -116.0, 28, 4085] 		, 0 , 0 , [1. 0.]	, NORMAL
[38.723804, -9.161392, 12, 125, -11.8, -116.0, 28, 53976] 		, 0 , 0 , [0.6 0.4]	, DUVIDAS 0.4
[38.723804, -9.161392, 12, 125, -11.2, -113.0, 28, 4004] 		, 0 , 0 , [1. 0.]	, NORMAL
[38.723804, -9.161392, 12, 125, -11.0, -116.0, 28, 5005] 		, 0 , 0 , [1. 0.]	, NORMAL
[38.723804, -9.161392, 12, 125, -12.2, -118.0, 28, 53056] 		, 0 , 0 , [1. 0.]	, NORMAL
[38.723804, -9.161392, 12, 125, -12.0, -117.0, 28, 8008] 		, 0 , 0 , [1. 0.]	, NORMAL
[38.723804, -9.161392, 12, 125, -12.5, -118.0, 28, 54056] 		, 0 , 0 , [1. 0.]	, NORMAL
[38.723804, -9.161392, 12, 125, -12.8, -119.0, 28, 4004] 		, 0 , 0 , [0.8 0.2]	, DUVIDAS 0.2
[38.723804, -9.161392, 12, 125, -12.5, -118.0, 28, 58061] 		, 0 , 0 , [1. 0.]	, NORMAL
[38.723804, -9.161392, 12, 125, -12.5, -107.0, 28, 4004] 		, 0 , 0 , [1. 0.]	, NORMAL
[38.723804, -9.161392, 12, 125, -11.5, -116.0, 28, 5105] 		, 0 , 0 , [1. 0.]	, NORMAL
[38.723804, -9.161392, 12, 125, -10.8, -118.0, 28, 52936] 		, 0 , 0 , [1. 0.]	, NORMAL
[38.723804, -9.161392, 12, 125, -10.2, -118.0, 28, 62084] 		, 0 , 0 , [1. 0.]	, NORMAL
[38.723804, -9.161392, 12, 125, -12.8, -117.0, 28, 4004] 		, 0 , 0 , [1. 0.]	, NORMAL
[38.723804, -9.161392, 12, 125, -12.0, -118.0, 28, 4004] 		, 0 , 0 , [1. 0.]	, NORMAL
[38.723804, -9.161392, 12, 125, -12.0, -101.0, 28, 54057] 		, 0 , 0 , [1. 0.]	, NORMAL
[38.723804, -9.161392, 12, 125, -11.8, -115.0, 28, 3984] 		, 0 , 0 , [1. 0.]	, NORMAL
[38.723804, -9.161392, 12, 125, -10.8, -118.0, 28, 58080] 		, 0 , 0 , [1. 0.]	, NORMAL
[38.723804, -9.161392, 12, 125, -11.2, -115.0, 28, 4985] 		, 0 , 0 , [1. 0.]	, NORMAL
[38.723804, -9.161392, 12, 125, -16.8, -113.0, 28, 5006] 		, 0 , 0 , [1. 0.]	, NORMAL
[38.723804, -9.161392, 12, 125, -12.5, -116.0, 28, 52074] 		, 0 , 0 , [1. 0.]	, NORMAL
[38.723804, -9.161392, 12, 125, -12.8, -115.0, 28, 4004] 		, 0 , 0 , [1. 0.]	, NORMAL
[38.723804, -9.161392, 12, 125, -11.5, -117.0, 28, 5005] 		, 0 , 0 , [1. 0.]	, NORMAL
[38.723804, -9.161392, 12, 125, -10.0, -119.0, 28, 57039] 		, 0 , 0 , [1. 0.]	, NORMAL
[38.723804, -9.161392, 12, 125, -14.2, -117.0, 28, 4085] 		, 0 , 0 , [1. 0.]	, NORMAL
[38.723804, -9.161392, 12, 125, -12.0, -116.0, 28, 53976] 		, 0 , 0 , [1. 0.]	, NORMAL
[38.723804, -9.161392, 12, 125, -11.5, -117.0, 28, 62064] 		, 0 , 0 , [1. 0.]	, NORMAL
[38.723804, -9.161392, 12, 125, -13.0, -118.0, 28, 4005] 		, 0 , 0 , [1. 0.]	, NORMAL
[38.723804, -9.161392, 12, 125, -13.2, -117.0, 28, 4064] 		, 0 , 0 , [1. 0.]	, NORMAL
[38.723804, -9.161392, 12, 125, -10.0, -118.0, 28, 54056] 		, 0 , 0 , [1. 0.]	, NORMAL
[38.723804, -9.161392, 12, 125, -12.0, -118.0, 28, 3944] 		, 0 , 0 , [1. 0.]	, NORMAL
[38.723804, -9.161392, 12, 125, -12.2, -118.0, 28, 118123] 		, 0 , 0 , [1. 0.]	, NORMAL
[38.723804, -9.161392, 12, 125, -12.2, -115.0, 28, 4004] 		, 0 , 0 , [1. 0.]	, NORMAL
[38.723804, -9.161392, 12, 125, -10.8, -115.0, 28, 5006] 		, 0 , 0 , [1. 0.]	, NORMAL
[38.723804, -9.161392, 12, 125, -12.2, -117.0, 28, 52054] 		, 0 , 0 , [1. 0.]	, NORMAL
[38.723804, -9.161392, 12, 125, -14.8, -117.0, 28, 4004] 		, 0 , 0 , [1. 0.]	, NORMAL
[38.723804, -9.161392, 12, 125, -13.0, -117.0, 28, 61063] 		, 0 , 0 , [1. 0.]	, NORMAL
[38.723804, -9.161392, 12, 125, -14.8, -119.0, 28, 57060] 		, 0 , 0 , [1. 0.]	, NORMAL
[38.723804, -9.161392, 12, 125, -12.5, -118.0, 28, 4004] 		, 0 , 0 , [1. 0.]	, NORMAL
[38.723804, -9.161392, 12, 125, -10.2, -117.0, 28, 4004] 		, 0 , 0 , [1. 0.]	, NORMAL
[38.723804, -9.161392, 12, 125, -11.0, -118.0, 28, 62065] 		, 0 , 0 , [1. 0.]	, NORMAL
[38.723804, -9.161392, 12, 125, -12.2, -117.0, 28, 57119] 		, 0 , 0 , [1. 0.]	, NORMAL
[38.723804, -9.161392, 12, 125, -12.8, -116.0, 28, 4945] 		, 0 , 0 , [1. 0.]	, NORMAL
[38.723804, -9.161392, 12, 125, -11.2, -117.0, 28, 51054] 		, 0 , 0 , [1. 0.]	, NORMAL
[38.723804, -9.161392, 12, 125, -12.8, -116.0, 28, 4064] 		, 0 , 0 , [1. 0.]	, NORMAL
[38.723804, -9.161392, 12, 125, -12.5, -117.0, 28, 3944] 		, 0 , 0 , [1. 0.]	, NORMAL
[38.723804, -9.161392, 12, 125, -13.2, -109.0, 28, 53055] 		, 0 , 0 , [1. 0.]	, NORMAL
[38.723804, -9.161392, 12, 125, -12.0, -113.0, 28, 61064] 		, 0 , 0 , [1. 0.]	, NORMAL
[38.723804, -9.161392, 12, 125, -13.5, -118.0, 28, 8008] 		, 0 , 0 , [1. 0.]	, NORMAL
[38.723804, -9.161392, 12, 125, -13.8, -116.0, 28, 62085] 		, 0 , 0 , [1. 0.]	, NORMAL
[38.723804, -9.161392, 12, 125, -13.8, -118.0, 28, 9009] 		, 0 , 0 , [1. 0.]	, NORMAL
[38.723804, -9.161392, 12, 125, -12.5, -117.0, 28, 52034] 		, 0 , 0 , [1. 0.]	, NORMAL
[38.723804, -9.161392, 12, 125, -13.0, -118.0, 28, 61063] 		, 0 , 0 , [1. 0.]	, NORMAL
[38.723804, -9.161392, 12, 125, -11.5, -117.0, 28, 61104] 		, 0 , 0 , [1. 0.]	, NORMAL
[38.723804, -9.161392, 12, 125, -14.2, -109.0, 28, 7968] 		, 0 , 0 , [1. 0.]	, NORMAL
[38.723804, -9.161392, 12, 125, -12.0, -118.0, 28, 57060] 		, 0 , 0 , [1. 0.]	, NORMAL
[38.723804, -9.161392, 12, 125, -12.8, -117.0, 28, 5025] 		, 0 , 0 , [1. 0.]	, NORMAL
[38.723804, -9.161392, 12, 125, -10.8, -117.0, 28, 52034] 		, 0 , 0 , [1. 0.]	, NORMAL
[38.723804, -9.161392, 12, 125, -11.0, -115.0, 28, 8008] 		, 0 , 0 , [1. 0.]	, NORMAL
[38.723804, -9.161392, 12, 125, -10.8, -119.0, 28, 114139] 		, 0 , 0 , [1. 0.]	, NORMAL
[38.723804, -9.161392, 12, 125, -12.5, -118.0, 28, 5045] 		, 0 , 0 , [1. 0.]	, NORMAL
[38.723804, -9.161392, 12, 125, -10.8, -116.0, 28, 3924] 		, 0 , 0 , [1. 0.]	, NORMAL
[38.723804, -9.161392, 12, 125, -13.0, -116.0, 28, 53075] 		, 0 , 0 , [1. 0.]	, NORMAL
[38.723804, -9.161392, 12, 125, -13.5, -115.0, 28, 8029] 		, 0 , 0 , [1. 0.]	, NORMAL
[38.723804, -9.161392, 12, 125, -10.2, -117.0, 28, 62084] 		, 0 , 0 , [1. 0.]	, NORMAL
[38.723804, -9.161392, 12, 125, -12.8, -118.0, 28, 52014] 		, 0 , 0 , [1. 0.]	, NORMAL
[38.723804, -9.161392, 12, 125, -11.0, -117.0, 28, 4004] 		, 0 , 0 , [1. 0.]	, NORMAL
[38.723804, -9.161392, 12, 125, -11.8, -104.0, 28, 5006] 		, 0 , 0 , [1. 0.]	, NORMAL
[38.723804, -9.161392, 12, 125, -17.0, -113.0, 28, 52054] 		, 0 , 0 , [1. 0.]	, NORMAL
[38.723804, -9.161392, 12, 125, -12.5, -118.0, 28, 8008] 		, 0 , 0 , [1. 0.]	, NORMAL
[38.723804, -9.161392, 12, 125, -12.2, -117.0, 28, 58060] 		, 0 , 0 , [1. 0.]	, NORMAL
[38.723804, -9.161392, 12, 125, -11.2, -119.0, 28, 56059] 		, 0 , 0 , [1. 0.]	, NORMAL
[38.723804, -9.161392, 12, 125, -13.0, -117.0, 28, 4004] 		, 0 , 0 , [1. 0.]	, NORMAL
[38.723804, -9.161392, 12, 125, -11.8, -116.0, 28, 4004] 		, 0 , 0 , [1. 0.]	, NORMAL
[38.723804, -9.161392, 12, 125, -12.5, -118.0, 28, 57059] 		, 0 , 0 , [1. 0.]	, NORMAL
[38.723804, -9.161392, 12, 125, -12.8, -117.0, 28, 6006] 		, 0 , 0 , [1. 0.]	, NORMAL
[38.723804, -9.161392, 12, 125, -12.8, -110.0, 28, 51033] 		, 0 , 0 , [1. 0.]	, NORMAL
[38.723804, -9.161392, 12, 125, -11.5, -118.0, 28, 5046] 		, 0 , 0 , [1. 0.]	, NORMAL
[38.723804, -9.161392, 12, 125, -15.2, -118.0, 28, 3964] 		, 0 , 0 , [1. 0.]	, NORMAL
[38.723804, -9.161392, 12, 125, -16.0, -113.0, 28, 57099] 		, 0 , 0 , [1. 0.]	, NORMAL
[38.723804, -9.161392, 12, 125, -14.0, -112.0, 28, 3964] 		, 0 , 0 , [1. 0.]	, NORMAL
[38.723804, -9.161392, 12, 125, -11.2, -117.0, 28, 56099] 		, 0 , 0 , [1. 0.]	, NORMAL
[38.723804, -9.161392, 12, 125, -10.5, -117.0, 28, 57019] 		, 0 , 0 , [1. 0.]	, NORMAL
[38.723804, -9.161392, 12, 125, -12.8, -118.0, 28, 4084] 		, 0 , 0 , [1. 0.]	, NORMAL
[38.723804, -9.161392, 12, 125, -11.0, -117.0, 28, 56999] 		, 0 , 0 , [1. 0.]	, NORMAL
[38.723804, -9.161392, 12, 125, -13.8, -116.0, 28, 3984] 		, 0 , 0 , [1. 0.]	, NORMAL
[38.723804, -9.161392, 12, 125, -12.8, -116.0, 28, 57120] 		, 0 , 0 , [1. 0.]	, NORMAL
[38.723804, -9.161392, 12, 125, -12.8, -119.0, 28, 4945] 		, 0 , 0 , [0.8 0.2]	, DUVIDAS 0.2
[38.723804, -9.161392, 12, 125, -12.5, -117.0, 28, 65128] 		, 0 , 0 , [1. 0.]	, NORMAL
[38.723804, -9.161392, 12, 125, -13.0, -117.0, 28, 3944] 		, 0 , 0 , [1. 0.]	, NORMAL
[38.723804, -9.161392, 12, 125, -11.2, -118.0, 28, 4064] 		, 0 , 0 , [1. 0.]	, NORMAL
[38.723804, -9.161392, 12, 125, -10.5, -118.0, 28, 62005] 		, 0 , 0 , [1. 0.]	, NORMAL
[38.723804, -9.161392, 12, 125, -11.5, -116.0, 28, 4004] 		, 0 , 0 , [1. 0.]	, NORMAL
[38.723804, -9.161392, 12, 125, -11.0, -116.0, 28, 4004] 		, 0 , 0 , [1. 0.]	, NORMAL
[38.723804, -9.161392, 12, 125, -10.8, -117.0, 28, 53055] 		, 0 , 0 , [1. 0.]	, NORMAL
[38.723804, -9.161392, 12, 125, -10.8, -118.0, 28, 5045] 		, 0 , 0 , [1. 0.]	, NORMAL
[38.723804, -9.161392, 12, 125, -12.2, -116.0, 28, 5045] 		, 0 , 0 , [1. 0.]	, NORMAL
[38.723804, -9.161392, 12, 125, -16.2, -113.0, 28, 50973] 		, 0 , 0 , [1. 0.]	, NORMAL
[38.723804, -9.161392, 12, 125, -12.2, -114.0, 28, 8009] 		, 0 , 0 , [1. 0.]	, NORMAL
[38.723804, -9.161392, 12, 125, -15.5, -116.0, 28, 53055] 		, 0 , 0 , [1. 0.]	, NORMAL
[38.723804, -9.161392, 12, 125, -12.5, -118.0, 28, 5005] 		, 0 , 0 , [1. 0.]	, NORMAL
[38.723804, -9.161392, 12, 125, -11.8, -118.0, 28, 4004] 		, 0 , 0 , [1. 0.]	, NORMAL
[38.723804, -9.161392, 12, 125, -15.0, -118.0, 28, 52054] 		, 0 , 0 , [1. 0.]	, NORMAL
[38.723804, -9.161392, 12, 125, -10.2, -118.0, 28, 8009] 		, 0 , 0 , [1. 0.]	, NORMAL
[38.723804, -9.161392, 12, 125, -14.8, -118.0, 28, 53055] 		, 0 , 0 , [1. 0.]	, NORMAL
[38.723804, -9.161392, 12, 125, -13.5, -117.0, 28, 5005] 		, 0 , 0 , [1. 0.]	, NORMAL
[38.723804, -9.161392, 12, 125, -11.2, -117.0, 28, 4085] 		, 0 , 0 , [1. 0.]	, NORMAL
[38.723804, -9.161392, 12, 125, -11.5, -117.0, 28, 51973] 		, 0 , 0 , [1. 0.]	, NORMAL
[38.723804, -9.161392, 12, 125, -16.2, -103.0, 28, 9010] 		, 0 , 0 , [1. 0.]	, NORMAL
[38.723804, -9.161392, 12, 125, -10.8, -116.0, 28, 52054] 		, 0 , 0 , [1. 0.]	, NORMAL
[38.723804, -9.161392, 12, 125, -10.8, -116.0, 28, 4004] 		, 0 , 0 , [1. 0.]	, NORMAL
[38.723804, -9.161392, 12, 125, -16.0, -117.0, 28, 4004] 		, 0 , 0 , [1. 0.]	, NORMAL
[38.723804, -9.161392, 12, 125, -12.8, -117.0, 28, 57140] 		, 0 , 0 , [1. 0.]	, NORMAL
[38.723804, -9.161392, 12, 125, -14.0, -118.0, 28, 65988] 		, 0 , 0 , [1. 0.]	, NORMAL
[38.723804, -9.161392, 12, 125, -11.2, -118.0, 28, 61064] 		, 0 , 0 , [1. 0.]	, NORMAL
[38.723804, -9.161392, 12, 125, -11.5, -118.0, 28, 4004] 		, 0 , 0 , [1. 0.]	, NORMAL
[38.723804, -9.161392, 12, 125, -14.5, -116.0, 28, 5005] 		, 0 , 0 , [1. 0.]	, NORMAL
[38.723804, -9.161392, 12, 125, -11.0, -117.0, 28, 52054] 		, 0 , 0 , [1. 0.]	, NORMAL
[38.723804, -9.161392, 12, 125, -11.8, -117.0, 28, 4005] 		, 0 , 0 , [1. 0.]	, NORMAL
[38.723804, -9.161392, 12, 125, -12.2, -119.0, 28, 57059] 		, 0 , 0 , [1. 0.]	, NORMAL
[38.723804, -9.161392, 12, 125, -12.0, -109.0, 28, 4004] 		, 0 , 0 , [1. 0.]	, NORMAL
[38.723804, -9.161392, 12, 125, -11.2, -116.0, 28, 57099] 		, 0 , 0 , [1. 0.]	, NORMAL
[38.723804, -9.161392, 12, 125, -11.5, -112.0, 28, 8970] 		, 0 , 0 , [1. 0.]	, NORMAL
[38.723804, -9.161392, 12, 125, -12.8, -117.0, 28, 61063] 		, 0 , 0 , [1. 0.]	, NORMAL
[38.723804, -9.161392, 12, 125, -12.0, -118.0, 28, 4044] 		, 0 , 0 , [1. 0.]	, NORMAL
[38.723804, -9.161392, 12, 125, -11.8, -109.0, 28, 66029] 		, 0 , 0 , [1. 0.]	, NORMAL
[38.723804, -9.161392, 12, 125, -14.0, -117.0, 28, 4004] 		, 0 , 0 , [1. 0.]	, NORMAL
[38.723804, -9.161392, 12, 125, -11.0, -115.0, 28, 136142] 		, 0 , 0 , [1. 0.]	, NORMAL
[38.723804, -9.161392, 12, 125, -13.2, -119.0, 28, 4985] 		, 0 , 0 , [1. 0.]	, NORMAL
[38.723804, -9.161392, 12, 125, -12.8, -116.0, 28, 4004] 		, 0 , 0 , [1. 0.]	, NORMAL
[38.723804, -9.161392, 12, 125, -11.2, -116.0, 28, 66089] 		, 0 , 0 , [1. 0.]	, NORMAL
[38.723804, -9.161392, 12, 125, -12.8, -112.0, 28, 134180] 		, 0 , 0 , [1. 0.]	, NORMAL
[38.723804, -9.161392, 12, 125, -16.5, -112.0, 28, 7948] 		, 0 , 0 , [1. 0.]	, NORMAL
[38.723804, -9.161392, 12, 125, -13.0, -118.0, 28, 66068] 		, 0 , 0 , [1. 0.]	, NORMAL
[38.723804, -9.161392, 12, 125, -11.2, -117.0, 28, 4025] 		, 0 , 0 , [1. 0.]	, NORMAL
[38.723804, -9.161392, 12, 125, -10.8, -119.0, 28, 60042] 		, 0 , 0 , [1. 0.]	, NORMAL
[38.723804, -9.161392, 12, 125, -10.8, -118.0, 28, 4004] 		, 0 , 0 , [1. 0.]	, NORMAL
[38.723804, -9.161392, 12, 125, -11.5, -117.0, 28, 4004] 		, 0 , 0 , [1. 0.]	, NORMAL
[38.723804, -9.161392, 12, 125, -13.2, -117.0, 28, 65148] 		, 0 , 0 , [1. 0.]	, NORMAL
[38.723804, -9.161392, 12, 125, -15.0, -112.0, 28, 3944] 		, 0 , 0 , [1. 0.]	, NORMAL
[38.723804, -9.161392, 12, 125, -11.0, -112.0, 28, 61044] 		, 0 , 0 , [1. 0.]	, NORMAL
[38.723804, -9.161392, 12, 125, -13.5, -118.0, 28, 5005] 		, 0 , 0 , [1. 0.]	, NORMAL
[38.723804, -9.161392, 12, 125, -9.5, -118.0, 28, 4004] 		, 0 , 0 , [1. 0.]	, NORMAL
[38.723804, -9.161392, 12, 125, -10.8, -116.0, 28, 66069] 		, 0 , 0 , [1. 0.]	, NORMAL
[38.723804, -9.161392, 12, 125, -13.8, -117.0, 28, 4004] 		, 0 , 0 , [1. 0.]	, NORMAL
[38.723804, -9.161392, 12, 125, -12.5, -118.0, 28, 61064] 		, 0 , 0 , [1. 0.]	, NORMAL
[38.723804, -9.161392, 12, 125, -10.8, -118.0, 28, 4004] 		, 0 , 0 , [1. 0.]	, NORMAL
[38.723804, -9.161392, 12, 125, -12.8, -118.0, 28, 4024] 		, 0 , 0 , [1. 0.]	, NORMAL
[38.723804, -9.161392, 12, 125, -10.2, -117.0, 28, 67130] 		, 0 , 0 , [1. 0.]	, NORMAL
[38.723804, -9.161392, 12, 125, -11.2, -116.0, 28, 3924] 		, 0 , 0 , [1. 0.]	, NORMAL
[38.723804, -9.161392, 12, 125, -12.5, -117.0, 28, 66068] 		, 0 , 0 , [1. 0.]	, NORMAL
[38.723804, -9.161392, 12, 125, -12.5, -118.0, 28, 5006] 		, 0 , 0 , [1. 0.]	, NORMAL
[38.723804, -9.161392, 12, 125, -14.8, -115.0, 28, 68070] 		, 0 , 0 , [1. 0.]	, NORMAL
[38.723804, -9.161392, 12, 125, -10.8, -101.0, 28, 62065] 		, 0 , 0 , [1. 0.]	, NORMAL
[38.723804, -9.161392, 12, 125, -13.5, -118.0, 28, 70073] 		, 0 , 0 , [1. 0.]	, NORMAL
[38.723804, -9.161392, 12, 125, -12.8, -117.0, 28, 70073] 		, 0 , 0 , [1. 0.]	, NORMAL
[38.723804, -9.161392, 12, 125, -15.0, -113.0, 28, 4004] 		, 0 , 0 , [1. 0.]	, NORMAL
[38.723804, -9.161392, 12, 125, -13.5, -117.0, 28, 65128] 		, 0 , 0 , [1. 0.]	, NORMAL
[38.723804, -9.161392, 12, 125, -10.2, -118.0, 28, 8949] 		, 0 , 0 , [1. 0.]	, NORMAL
[38.723804, -9.161392, 12, 125, -12.8, -118.0, 28, 65088] 		, 0 , 0 , [1. 0.]	, NORMAL
[38.723804, -9.161392, 12, 125, -10.5, -115.0, 28, 3984] 		, 0 , 0 , [1. 0.]	, NORMAL
[38.723804, -9.161392, 12, 125, -13.2, -117.0, 28, 61063] 		, 0 , 0 , [1. 0.]	, NORMAL
[38.723804, -9.161392, 12, 125, -13.0, -118.0, 28, 78082] 		, 0 , 0 , [1. 0.]	, NORMAL
[38.723804, -9.161392, 12, 125, -13.5, -118.0, 28, 60062] 		, 0 , 0 , [1. 0.]	, NORMAL
[38.723804, -9.161392, 12, 125, -12.8, -117.0, 28, 4064] 		, 0 , 0 , [1. 0.]	, NORMAL
[38.723804, -9.161392, 12, 125, -16.0, -113.0, 28, 4004] 		, 0 , 0 , [1. 0.]	, NORMAL
[38.723804, -9.161392, 12, 125, -11.2, -115.0, 28, 62005] 		, 0 , 0 , [1. 0.]	, NORMAL
[38.723804, -9.161392, 12, 125, -13.8, -117.0, 28, 9009] 		, 0 , 0 , [1. 0.]	, NORMAL
[38.723804, -9.161392, 12, 125, -10.5, -121.0, 28, 70073] 		, 0 , 0 , [1. 0.]	, NORMAL
[38.723804, -9.161392, 12, 125, -12.2, -116.0, 28, 61063] 		, 0 , 0 , [1. 0.]	, NORMAL
[38.723804, -9.161392, 12, 125, -13.5, -116.0, 28, 5066] 		, 0 , 0 , [1. 0.]	, NORMAL
[38.723804, -9.161392, 12, 125, -13.0, -117.0, 28, 4925] 		, 0 , 0 , [1. 0.]	, NORMAL
[38.723804, -9.161392, 12, 125, -11.0, -118.0, 28, 65067] 		, 0 , 0 , [1. 0.]	, NORMAL
[38.723804, -9.161392, 12, 125, -11.0, -117.0, 28, 5046] 		, 0 , 0 , [1. 0.]	, NORMAL
[38.723804, -9.161392, 12, 125, -14.8, -116.0, 28, 68050] 		, 0 , 0 , [1. 0.]	, NORMAL
[38.723804, -9.161392, 12, 125, -11.5, -117.0, 28, 66069] 		, 0 , 0 , [1. 0.]	, NORMAL
[38.723804, -9.161392, 12, 125, -15.8, -115.0, 28, 69072] 		, 0 , 0 , [1. 0.]	, NORMAL
[38.723804, -9.161392, 12, 125, -12.0, -118.0, 28, 4004] 		, 0 , 0 , [1. 0.]	, NORMAL
[38.723804, -9.161392, 12, 125, -11.5, -116.0, 28, 62045] 		, 0 , 0 , [1. 0.]	, NORMAL
[38.723804, -9.161392, 12, 125, -12.0, -118.0, 28, 4004] 		, 0 , 0 , [1. 0.]	, NORMAL
[38.723804, -9.161392, 12, 125, -12.5, -116.0, 28, 4004] 		, 0 , 0 , [1. 0.]	, NORMAL
[38.723804, -9.161392, 12, 125, -12.0, -112.0, 28, 61104] 		, 0 , 0 , [1. 0.]	, NORMAL
[38.723804, -9.161392, 12, 125, -11.2, -112.0, 28, 5005] 		, 0 , 0 , [1. 0.]	, NORMAL
[38.723804, -9.161392, 12, 125, -11.2, -116.0, 28, 4044] 		, 0 , 0 , [1. 0.]	, NORMAL
[38.723804, -9.161392, 12, 125, -12.2, -118.0, 28, 59982] 		, 0 , 0 , [1. 0.]	, NORMAL
[38.723804, -9.161392, 12, 125, -11.8, -117.0, 28, 4004] 		, 0 , 0 , [1. 0.]	, NORMAL
[38.723804, -9.161392, 12, 125, -14.0, -117.0, 28, 4004] 		, 0 , 0 , [1. 0.]	, NORMAL
[38.723804, -9.161392, 12, 125, -12.0, -118.0, 28, 61064] 		, 0 , 0 , [1. 0.]	, NORMAL
[38.723804, -9.161392, 12, 125, -11.2, -118.0, 28, 4064] 		, 0 , 0 , [1. 0.]	, NORMAL
[38.723804, -9.161392, 12, 125, -12.5, -112.0, 28, 3944] 		, 0 , 0 , [1. 0.]	, NORMAL
[38.723804, -9.161392, 12, 125, -16.0, -117.0, 28, 65068] 		, 0 , 0 , [1. 0.]	, NORMAL
[38.723804, -9.161392, 12, 125, -12.0, -114.0, 28, 69152] 		, 0 , 0 , [1. 0.]	, NORMAL
[38.723804, -9.161392, 12, 125, -12.2, -116.0, 28, 4945] 		, 0 , 0 , [1. 0.]	, NORMAL
[38.723804, -9.161392, 12, 125, -12.0, -116.0, 28, 60042] 		, 0 , 0 , [1. 0.]	, NORMAL
[38.723804, -9.161392, 12, 125, -11.0, -117.0, 28, 10011] 		, 0 , 0 , [1. 0.]	, NORMAL
[38.723804, -9.161392, 12, 125, -10.8, -117.0, 28, 59061] 		, 0 , 0 , [1. 0.]	, NORMAL
[38.723804, -9.161392, 12, 125, -10.5, -118.0, 28, 4044] 		, 0 , 0 , [1. 0.]	, NORMAL
[38.723804, -9.161392, 12, 125, -11.2, -115.0, 28, 4004] 		, 0 , 0 , [1. 0.]	, NORMAL
[38.723804, -9.161392, 12, 125, -11.2, -118.0, 28, 62025] 		, 0 , 0 , [1. 0.]	, NORMAL
[38.723804, -9.161392, 12, 125, -12.2, -118.0, 28, 8008] 		, 0 , 0 , [1. 0.]	, NORMAL
[38.723804, -9.161392, 12, 125, -10.8, -118.0, 28, 62105] 		, 0 , 0 , [1. 0.]	, NORMAL
[38.723804, -9.161392, 12, 125, -13.8, -118.0, 28, 4965] 		, 0 , 0 , [1. 0.]	, NORMAL
[38.723804, -9.161392, 12, 125, -12.0, -117.0, 28, 4024] 		, 0 , 0 , [1. 0.]	, NORMAL
[38.723804, -9.161392, 12, 125, -10.0, -117.0, 28, 68051] 		, 0 , 0 , [1. 0.]	, NORMAL
[38.723804, -9.161392, 12, 125, -12.8, -121.0, 28, 61063] 		, 0 , 0 , [1. 0.]	, NORMAL
[38.723804, -9.161392, 12, 125, -13.8, -115.0, 28, 4004] 		, 0 , 0 , [1. 0.]	, NORMAL
[38.723804, -9.161392, 12, 125, -12.2, -113.0, 28, 4004] 		, 0 , 0 , [1. 0.]	, NORMAL
[38.723804, -9.161392, 12, 125, -11.0, -100.0, 28, 61144] 		, 0 , 0 , [1. 0.]	, NORMAL
[38.723804, -9.161392, 12, 125, -12.0, -117.0, 28, 7948] 		, 0 , 0 , [1. 0.]	, NORMAL
[38.723804, -9.161392, 12, 125, -11.5, -113.0, 28, 61044] 		, 0 , 0 , [1. 0.]	, NORMAL
[38.723804, -9.161392, 12, 125, -12.5, -118.0, 28, 4004] 		, 0 , 0 , [1. 0.]	, NORMAL
[38.723804, -9.161392, 12, 125, -12.8, -118.0, 28, 65067] 		, 0 , 0 , [1. 0.]	, NORMAL
[38.723804, -9.161392, 12, 125, -14.5, -116.0, 28, 69072] 		, 0 , 0 , [1. 0.]	, NORMAL
[38.723804, -9.161392, 12, 125, -14.5, -117.0, 28, 70073] 		, 0 , 0 , [1. 0.]	, NORMAL
[38.723804, -9.161392, 12, 125, -11.5, -118.0, 28, 4004] 		, 0 , 0 , [1. 0.]	, NORMAL
[38.723804, -9.161392, 12, 125, -14.2, -118.0, 28, 4004] 		, 0 , 0 , [1. 0.]	, NORMAL
[38.723804, -9.161392, 12, 125, -11.0, -117.0, 28, 62145] 		, 0 , 0 , [1. 0.]	, NORMAL
[38.723804, -9.161392, 12, 125, -11.5, -118.0, 28, 3924] 		, 0 , 0 , [1. 0.]	, NORMAL
[38.723804, -9.161392, 12, 125, -11.5, -115.0, 28, 5005] 		, 0 , 0 , [1. 0.]	, NORMAL
[38.723804, -9.161392, 12, 125, -13.0, -118.0, 28, 52054] 		, 0 , 0 , [1. 0.]	, NORMAL
[38.723804, -9.161392, 12, 125, -12.8, -107.0, 28, 4004] 		, 0 , 0 , [1. 0.]	, NORMAL
[38.723804, -9.161392, 12, 125, -11.5, -116.0, 28, 66069] 		, 0 , 0 , [1. 0.]	, NORMAL
[38.723804, -9.161392, 12, 125, -14.0, -112.0, 28, 9009] 		, 0 , 0 , [1. 0.]	, NORMAL
[38.723804, -9.161392, 12, 125, -11.0, -117.0, 28, 61064] 		, 0 , 0 , [1. 0.]	, NORMAL
[38.723804, -9.161392, 12, 125, -15.0, -111.0, 28, 5005] 		, 0 , 0 , [1. 0.]	, NORMAL
[38.723804, -9.161392, 12, 125, -13.0, -115.0, 28, 65127] 		, 0 , 0 , [1. 0.]	, NORMAL
[38.723804, -9.161392, 12, 125, -14.2, -115.0, 28, 70013] 		, 0 , 0 , [1. 0.]	, NORMAL
[38.723804, -9.161392, 12, 125, -15.0, -113.0, 28, 5005] 		, 0 , 0 , [1. 0.]	, NORMAL
[38.723804, -9.161392, 12, 125, -13.2, -116.0, 28, 65048] 		, 0 , 0 , [1. 0.]	, NORMAL
[38.723804, -9.161392, 12, 125, -14.5, -113.0, 28, 9089] 		, 0 , 0 , [1. 0.]	, NORMAL
[38.723804, -9.161392, 12, 125, -10.0, -117.0, 28, 61004] 		, 0 , 0 , [1. 0.]	, NORMAL
[38.723804, -9.161392, 12, 125, -15.8, -113.0, 28, 3984] 		, 0 , 0 , [1. 0.]	, NORMAL
[38.723804, -9.161392, 12, 125, -13.2, -117.0, 28, 5005] 		, 0 , 0 , [1. 0.]	, NORMAL
[38.723804, -9.161392, 12, 125, -10.2, -118.0, 28, 61063] 		, 0 , 0 , [1. 0.]	, NORMAL
[38.723804, -9.161392, 12, 125, -12.8, -117.0, 28, 9030] 		, 0 , 0 , [1. 0.]	, NORMAL
[38.723804, -9.161392, 12, 125, -12.5, -117.0, 28, 65067] 		, 0 , 0 , [1. 0.]	, NORMAL
[38.723804, -9.161392, 12, 125, -12.8, -113.0, 28, 4004] 		, 0 , 0 , [0.8 0.2]	, DUVIDAS 0.2
[38.723804, -9.161392, 12, 125, -13.0, -115.0, 28, 62045] 		, 0 , 0 , [1. 0.]	, NORMAL
[38.723804, -9.161392, 12, 125, -16.0, -113.0, 28, 4004] 		, 0 , 0 , [1. 0.]	, NORMAL
[38.723804, -9.161392, 12, 125, -11.5, -116.0, 28, 5005] 		, 0 , 0 , [1. 0.]	, NORMAL
[38.723804, -9.161392, 12, 125, -16.0, -113.0, 28, 60083] 		, 0 , 0 , [1. 0.]	, NORMAL
[38.723804, -9.161392, 12, 125, -18.2, -109.0, 28, 4064] 		, 0 , 0 , [1. 0.]	, NORMAL
[38.723804, -9.161392, 12, 125, -11.5, -118.0, 28, 4004] 		, 0 , 0 , [1. 0.]	, NORMAL
[38.723804, -9.161392, 12, 125, -14.2, -115.0, 28, 60983] 		, 0 , 0 , [1. 0.]	, NORMAL
[38.723804, -9.161392, 12, 125, -14.5, -117.0, 28, 5005] 		, 0 , 0 , [1. 0.]	, NORMAL
[38.723804, -9.161392, 12, 125, -13.5, -115.0, 28, 4005] 		, 0 , 0 , [1. 0.]	, NORMAL
[38.723804, -9.161392, 12, 125, -10.0, -118.0, 28, 70072] 		, 0 , 0 , [1. 0.]	, NORMAL
[38.723804, -9.161392, 12, 125, -12.2, -116.0, 28, 60063] 		, 0 , 0 , [1. 0.]	, NORMAL
[38.723804, -9.161392, 12, 125, -10.2, -116.0, 28, 9009] 		, 0 , 0 , [1. 0.]	, NORMAL
[38.723804, -9.161392, 12, 125, -13.0, -118.0, 28, 61064] 		, 0 , 0 , [1. 0.]	, NORMAL
[38.723804, -9.161392, 12, 125, -16.0, -112.0, 28, 9009] 		, 0 , 0 , [1. 0.]	, NORMAL
[38.723804, -9.161392, 12, 125, -14.5, -117.0, 28, 61064] 		, 0 , 0 , [1. 0.]	, NORMAL
[38.723804, -9.161392, 12, 125, -11.2, -118.0, 28, 5005] 		, 0 , 0 , [1. 0.]	, NORMAL
[38.723804, -9.161392, 12, 125, -14.8, -115.0, 28, 4004] 		, 0 , 0 , [1. 0.]	, NORMAL
[38.723804, -9.161392, 12, 125, -14.8, -116.0, 28, 61063] 		, 0 , 0 , [1. 0.]	, NORMAL
[38.723804, -9.161392, 12, 125, -10.8, -117.0, 28, 4004] 		, 0 , 0 , [1. 0.]	, NORMAL
[38.723804, -9.161392, 12, 125, -12.8, -118.0, 28, 5005] 		, 0 , 0 , [1. 0.]	, NORMAL
[38.723804, -9.161392, 12, 125, -13.0, -117.0, 28, 61064] 		, 0 , 0 , [1. 0.]	, NORMAL
[38.723804, -9.161392, 12, 125, -13.8, -114.0, 28, 4004] 		, 0 , 0 , [1. 0.]	, NORMAL
[38.723804, -9.161392, 12, 125, -11.8, -115.0, 28, 5005] 		, 0 , 0 , [1. 0.]	, NORMAL
[38.723804, -9.161392, 12, 125, -12.0, -116.0, 28, 61124] 		, 0 , 0 , [1. 0.]	, NORMAL
[38.723804, -9.161392, 12, 125, -14.2, -117.0, 28, 7948] 		, 0 , 0 , [1. 0.]	, NORMAL
[38.723804, -9.161392, 12, 125, -12.8, -117.0, 28, 62064] 		, 0 , 0 , [1. 0.]	, NORMAL
[38.723804, -9.161392, 12, 125, -12.2, -118.0, 28, 5006] 		, 0 , 0 , [1. 0.]	, NORMAL
[38.723804, -9.161392, 12, 125, -13.8, -117.0, 28, 5005] 		, 0 , 0 , [1. 0.]	, NORMAL
[38.723804, -9.161392, 12, 125, -14.8, -116.0, 28, 60102] 		, 0 , 0 , [1. 0.]	, NORMAL
[38.723804, -9.161392, 12, 125, -11.5, -112.0, 28, 3964] 		, 0 , 0 , [1. 0.]	, NORMAL
[38.723804, -9.161392, 12, 125, -11.8, -117.0, 28, 66069] 		, 0 , 0 , [1. 0.]	, NORMAL
[38.723804, -9.161392, 12, 125, -14.8, -117.0, 28, 4004] 		, 0 , 0 , [1. 0.]	, NORMAL
[38.723804, -9.161392, 12, 125, -12.5, -117.0, 28, 70073] 		, 0 , 0 , [1. 0.]	, NORMAL
[38.723804, -9.161392, 12, 125, -10.8, -119.0, 28, 66089] 		, 0 , 0 , [1. 0.]	, NORMAL
[38.723804, -9.161392, 12, 125, -13.8, -115.0, 28, 4985] 		, 0 , 0 , [1. 0.]	, NORMAL
[38.723804, -9.161392, 12, 125, -12.0, -117.0, 28, 5065] 		, 0 , 0 , [1. 0.]	, NORMAL
[38.723804, -9.161392, 12, 125, -13.8, -117.0, 28, 60042] 		, 0 , 0 , [1. 0.]	, NORMAL
[38.723804, -9.161392, 12, 125, -11.8, -115.0, 28, 5005] 		, 0 , 0 , [1. 0.]	, NORMAL
[38.723804, -9.161392, 12, 125, -10.2, -118.0, 28, 65068] 		, 0 , 0 , [1. 0.]	, NORMAL
[38.723804, -9.161392, 12, 125, -10.8, -116.0, 28, 4965] 		, 0 , 0 , [1. 0.]	, NORMAL
[38.723804, -9.161392, 12, 125, -15.8, -117.0, 28, 5065] 		, 0 , 0 , [1. 0.]	, NORMAL
[38.723804, -9.161392, 12, 125, -13.2, -117.0, 28, 69012] 		, 0 , 0 , [1. 0.]	, NORMAL
[38.723804, -9.161392, 12, 125, -13.8, -109.0, 28, 61144] 		, 0 , 0 , [1. 0.]	, NORMAL
[38.723804, -9.161392, 12, 125, -12.0, -111.0, 28, 69992] 		, 0 , 0 , [1. 0.]	, NORMAL
[38.723804, -9.161392, 12, 125, -13.0, -116.0, 28, 75078] 		, 0 , 0 , [1. 0.]	, NORMAL
[38.723804, -9.161392, 12, 125, -15.5, -116.0, 28, 4064] 		, 0 , 0 , [1. 0.]	, NORMAL
[38.723804, -9.161392, 12, 125, -14.0, -117.0, 28, 61004] 		, 0 , 0 , [1. 0.]	, NORMAL
[38.723804, -9.161392, 12, 125, -12.5, -116.0, 28, 8008] 		, 0 , 0 , [1. 0.]	, NORMAL
[38.723804, -9.161392, 12, 125, -13.5, -115.0, 28, 62064] 		, 0 , 0 , [1. 0.]	, NORMAL
[38.723804, -9.161392, 12, 125, -13.0, -117.0, 28, 4005] 		, 0 , 0 , [1. 0.]	, NORMAL
[38.723804, -9.161392, 12, 125, -12.0, -118.0, 28, 4004] 		, 0 , 0 , [1. 0.]	, NORMAL
[38.723804, -9.161392, 12, 125, -12.8, -117.0, 28, 62064] 		, 0 , 0 , [1. 0.]	, NORMAL
[38.723804, -9.161392, 12, 125, -12.8, -117.0, 28, 4004] 		, 0 , 0 , [1. 0.]	, NORMAL
[38.723804, -9.161392, 12, 125, -12.0, -116.0, 28, 66069] 		, 0 , 0 , [1. 0.]	, NORMAL
[38.723804, -9.161392, 12, 125, -12.5, -115.0, 28, 5005] 		, 0 , 0 , [1. 0.]	, NORMAL
[38.723804, -9.161392, 12, 125, -12.2, -117.0, 28, 5045] 		, 0 , 0 , [1. 0.]	, NORMAL
[38.723804, -9.161392, 12, 125, -11.8, -117.0, 28, 60003] 		, 0 , 0 , [1. 0.]	, NORMAL
[38.723804, -9.161392, 12, 125, -13.8, -117.0, 28, 4004] 		, 0 , 0 , [1. 0.]	, NORMAL
[38.723804, -9.161392, 12, 125, -12.0, -118.0, 28, 5025] 		, 0 , 0 , [1. 0.]	, NORMAL
[38.723804, -9.161392, 12, 125, -16.8, -111.0, 28, 61043] 		, 0 , 0 , [1. 0.]	, NORMAL
[38.723804, -9.161392, 12, 125, -15.8, -115.0, 28, 5006] 		, 0 , 0 , [1. 0.]	, NORMAL
[38.723804, -9.161392, 12, 125, -11.0, -116.0, 28, 4004] 		, 0 , 0 , [1. 0.]	, NORMAL
[38.723804, -9.161392, 12, 125, -12.0, -117.0, 28, 61083] 		, 0 , 0 , [1. 0.]	, NORMAL
[38.723804, -9.161392, 12, 125, -12.2, -116.0, 28, 70073] 		, 0 , 0 , [1. 0.]	, NORMAL
[38.723804, -9.161392, 12, 125, -10.5, -118.0, 28, 4985] 		, 0 , 0 , [1. 0.]	, NORMAL
[38.723804, -9.161392, 12, 125, -12.5, -116.0, 28, 69092] 		, 0 , 0 , [1. 0.]	, NORMAL
[38.723804, -9.161392, 12, 125, -11.0, -117.0, 28, 4004] 		, 0 , 0 , [1. 0.]	, NORMAL
[38.723804, -9.161392, 12, 125, -10.5, -118.0, 28, 66048] 		, 0 , 0 , [1. 0.]	, NORMAL
[38.723804, -9.161392, 12, 125, -12.8, -118.0, 28, 4025] 		, 0 , 0 , [1. 0.]	, NORMAL
[38.723804, -9.161392, 12, 125, -12.5, -117.0, 28, 62124] 		, 0 , 0 , [1. 0.]	, NORMAL
[38.723804, -9.161392, 12, 125, -15.8, -117.0, 28, 4004] 		, 0 , 0 , [1. 0.]	, NORMAL
[38.723804, -9.161392, 12, 125, -13.5, -112.0, 28, 4925] 		, 0 , 0 , [1. 0.]	, NORMAL
[38.723804, -9.161392, 12, 125, -11.8, -116.0, 28, 52054] 		, 0 , 0 , [0.6 0.4]	, DUVIDAS 0.4
[38.723804, -9.161392, 12, 125, -10.2, -117.0, 28, 9010] 		, 0 , 0 , [1. 0.]	, NORMAL
[38.723804, -9.161392, 12, 125, -12.8, -117.0, 28, 54136] 		, 0 , 0 , [1. 0.]	, NORMAL
[38.723804, -9.161392, 12, 125, -12.5, -115.0, 28, 7928] 		, 0 , 0 , [1. 0.]	, NORMAL
[38.723804, -9.161392, 12, 125, -12.5, -115.0, 28, 59061] 		, 0 , 0 , [1. 0.]	, NORMAL
[38.723804, -9.161392, 12, 125, -12.8, -118.0, 28, 59142] 		, 0 , 0 , [1. 0.]	, NORMAL
[38.723804, -9.161392, 12, 125, -11.5, -117.0, 28, 3924] 		, 0 , 0 , [1. 0.]	, NORMAL
[38.723804, -9.161392, 12, 125, -14.0, -115.0, 28, 4004] 		, 0 , 0 , [1. 0.]	, NORMAL
[38.723804, -9.161392, 12, 125, -12.2, -117.0, 28, 55137] 		, 0 , 0 , [1. 0.]	, NORMAL
[38.723804, -9.161392, 12, 125, -12.2, -118.0, 28, 4925] 		, 0 , 0 , [1. 0.]	, NORMAL
[38.723804, -9.161392, 12, 125, -16.5, -116.0, 28, 4004] 		, 0 , 0 , [1. 0.]	, NORMAL
[38.723804, -9.161392, 12, 125, -13.8, -118.0, 28, 54057] 		, 0 , 0 , [1. 0.]	, NORMAL
[38.723804, -9.161392, 12, 125, -11.2, -117.0, 28, 4004] 		, 0 , 0 , [1. 0.]	, NORMAL
[38.723804, -9.161392, 12, 125, -15.2, -109.0, 28, 5005] 		, 0 , 0 , [1. 0.]	, NORMAL
[38.723804, -9.161392, 12, 125, -12.5, -117.0, 28, 54076] 		, 0 , 0 , [1. 0.]	, NORMAL
[38.723804, -9.161392, 12, 125, -15.0, -117.0, 28, 4004] 		, 0 , 0 , [1. 0.]	, NORMAL
[38.723804, -9.161392, 12, 125, -13.5, -118.0, 28, 4004] 		, 0 , 0 , [1. 0.]	, NORMAL
[38.723804, -9.161392, 12, 125, -11.8, -117.0, 28, 54036] 		, 0 , 0 , [1. 0.]	, NORMAL
[38.723804, -9.161392, 12, 125, -12.2, -119.0, 28, 9010] 		, 0 , 0 , [1. 0.]	, NORMAL
[38.723804, -9.161392, 12, 125, -10.2, -118.0, 28, 115119] 		, 0 , 0 , [1. 0.]	, NORMAL
[38.723804, -9.161392, 12, 125, -11.8, -118.0, 28, 4024] 		, 0 , 0 , [1. 0.]	, NORMAL
[38.723804, -9.161392, 12, 125, -13.5, -115.0, 28, 4065] 		, 0 , 0 , [1. 0.]	, NORMAL
[38.723804, -9.161392, 12, 125, -15.8, -117.0, 28, 57980] 		, 0 , 0 , [1. 0.]	, NORMAL
[38.723804, -9.161392, 12, 125, -11.0, -112.0, 28, 58120] 		, 0 , 0 , [1. 0.]	, NORMAL
[38.723804, -9.161392, 12, 125, -11.0, -118.0, 28, 4004] 		, 0 , 0 , [1. 0.]	, NORMAL
[38.723804, -9.161392, 12, 125, -13.5, -117.0, 28, 58001] 		, 0 , 0 , [1. 0.]	, NORMAL
[38.723804, -9.161392, 12, 125, -11.2, -116.0, 28, 4004] 		, 0 , 0 , [1. 0.]	, NORMAL
[38.723804, -9.161392, 12, 125, -11.2, -118.0, 28, 4004] 		, 0 , 0 , [1. 0.]	, NORMAL
[38.723804, -9.161392, 12, 125, -12.2, -117.0, 28, 54056] 		, 0 , 0 , [1. 0.]	, NORMAL
[38.723804, -9.161392, 12, 125, -13.0, -115.0, 28, 4004] 		, 0 , 0 , [1. 0.]	, NORMAL
[38.723804, -9.161392, 12, 125, -12.8, -118.0, 28, 58060] 		, 0 , 0 , [1. 0.]	, NORMAL
[38.723804, -9.161392, 12, 125, -10.8, -117.0, 28, 4005] 		, 0 , 0 , [1. 0.]	, NORMAL
[38.723804, -9.161392, 12, 125, -12.2, -117.0, 28, 4004] 		, 0 , 0 , [1. 0.]	, NORMAL
[38.723804, -9.161392, 12, 125, -10.8, -118.0, 28, 58060] 		, 0 , 0 , [1. 0.]	, NORMAL
[38.723804, -9.161392, 12, 125, -12.0, -118.0, 28, 4004] 		, 0 , 0 , [1. 0.]	, NORMAL
[38.723804, -9.161392, 12, 125, -14.8, -90.0, 28, 55057] 		, 0 , 0 , [1. 0.]	, NORMAL
[38.723804, -9.161392, 12, 125, -11.2, -118.0, 28, 63066] 		, 0 , 0 , [1. 0.]	, NORMAL
[38.723804, -9.161392, 12, 125, -12.8, -118.0, 28, 5065] 		, 0 , 0 , [1. 0.]	, NORMAL
[38.723804, -9.161392, 12, 125, -12.5, -116.0, 28, 4945] 		, 0 , 0 , [1. 0.]	, NORMAL
[38.723804, -9.161392, 12, 125, -11.8, -118.0, 28, 53055] 		, 0 , 0 , [1. 0.]	, NORMAL
[38.723804, -9.161392, 12, 125, -14.2, -115.0, 28, 4004] 		, 0 , 0 , [1. 0.]	, NORMAL
[38.723804, -9.161392, 12, 125, -10.5, -118.0, 28, 4005] 		, 0 , 0 , [1. 0.]	, NORMAL
[38.723804, -9.161392, 12, 125, -11.8, -116.0, 28, 59061] 		, 0 , 0 , [1. 0.]	, NORMAL
[38.723804, -9.161392, 12, 125, -14.0, -117.0, 28, 5005] 		, 0 , 0 , [1. 0.]	, NORMAL
[38.723804, -9.161392, 12, 125, -16.0, -119.0, 28, 54056] 		, 0 , 0 , [1. 0.]	, NORMAL
[38.723804, -9.161392, 12, 125, -11.2, -117.0, 28, 4004] 		, 0 , 0 , [1. 0.]	, NORMAL
[38.723804, -9.161392, 12, 125, -14.8, -118.0, 28, 4004] 		, 0 , 0 , [1. 0.]	, NORMAL
[38.723804, -9.161392, 12, 125, -14.8, -116.0, 28, 54057] 		, 0 , 0 , [1. 0.]	, NORMAL
[38.723804, -9.161392, 12, 125, -11.2, -117.0, 28, 62064] 		, 0 , 0 , [1. 0.]	, NORMAL
[38.723804, -9.161392, 12, 125, -18.2, -107.0, 28, 10070] 		, 0 , 0 , [1. 0.]	, NORMAL
[38.723804, -9.161392, 12, 125, -13.0, -117.0, 28, 60003] 		, 0 , 0 , [1. 0.]	, NORMAL
[38.723804, -9.161392, 12, 125, -12.2, -116.0, 28, 54116] 		, 0 , 0 , [1. 0.]	, NORMAL
[38.723804, -9.161392, 12, 125, -15.5, -112.0, 28, 3944] 		, 0 , 0 , [1. 0.]	, NORMAL
[38.723804, -9.161392, 12, 125, -12.0, -116.0, 28, 5005] 		, 0 , 0 , [1. 0.]	, NORMAL
[38.723804, -9.161392, 12, 125, -10.5, -118.0, 28, 53035] 		, 0 , 0 , [1. 0.]	, NORMAL
[38.723804, -9.161392, 12, 125, -12.2, -118.0, 28, 4004] 		, 0 , 0 , [1. 0.]	, NORMAL
[38.723804, -9.161392, 12, 125, -11.0, -116.0, 28, 4045] 		, 0 , 0 , [1. 0.]	, NORMAL
[38.723804, -9.161392, 12, 125, -11.8, -117.0, 28, 118082] 		, 0 , 0 , [1. 0.]	, NORMAL
[38.723804, -9.161392, 12, 125, -13.2, -114.0, 28, 9030] 		, 0 , 0 , [1. 0.]	, NORMAL
[38.723804, -9.161392, 12, 125, -12.5, -118.0, 28, 58040] 		, 0 , 0 , [1. 0.]	, NORMAL
[38.723804, -9.161392, 12, 125, -13.0, -118.0, 28, 5025] 		, 0 , 0 , [1. 0.]	, NORMAL
[38.723804, -9.161392, 12, 125, -10.5, -118.0, 28, 58040] 		, 0 , 0 , [1. 0.]	, NORMAL
[38.723804, -9.161392, 12, 125, -12.5, -117.0, 28, 4005] 		, 0 , 0 , [1. 0.]	, NORMAL
[38.723804, -9.161392, 12, 125, -10.8, -109.0, 28, 58080] 		, 0 , 0 , [1. 0.]	, NORMAL
[38.723804, -9.161392, 12, 125, -12.0, -118.0, 28, 5005] 		, 0 , 0 , [1. 0.]	, NORMAL
[38.723804, -9.161392, 12, 125, -12.0, -117.0, 28, 53035] 		, 0 , 0 , [1. 0.]	, NORMAL
[38.723804, -9.161392, 12, 125, -14.2, -118.0, 28, 4004] 		, 0 , 0 , [1. 0.]	, NORMAL
[38.723804, -9.161392, 12, 125, -14.2, -114.0, 28, 5005] 		, 0 , 0 , [1. 0.]	, NORMAL
[38.723804, -9.161392, 12, 125, -11.8, -117.0, 28, 115140] 		, 0 , 0 , [1. 0.]	, NORMAL
[38.723804, -9.161392, 12, 125, -12.5, -118.0, 28, 62044] 		, 0 , 0 , [1. 0.]	, NORMAL
[38.723804, -9.161392, 12, 125, -10.8, -117.0, 28, 5006] 		, 0 , 0 , [1. 0.]	, NORMAL
[38.723804, -9.161392, 12, 125, -12.2, -116.0, 28, 66068] 		, 0 , 0 , [1. 0.]	, NORMAL
[38.723804, -9.161392, 12, 125, -15.2, -118.0, 28, 53055] 		, 0 , 0 , [1. 0.]	, NORMAL
[38.723804, -9.161392, 12, 125, -12.5, -116.0, 28, 4004] 		, 0 , 0 , [1. 0.]	, NORMAL
[38.723804, -9.161392, 12, 125, -13.0, -115.0, 28, 58061] 		, 0 , 0 , [1. 0.]	, NORMAL
[38.723804, -9.161392, 12, 125, -13.0, -115.0, 28, 4004] 		, 0 , 0 , [1. 0.]	, NORMAL
[38.723804, -9.161392, 12, 125, -11.0, -117.0, 28, 5025] 		, 0 , 0 , [1. 0.]	, NORMAL
[38.723804, -9.161392, 12, 125, -12.2, -115.0, 28, 115100] 		, 0 , 0 , [1. 0.]	, NORMAL
[38.723804, -9.161392, 12, 125, -11.5, -117.0, 28, 4004] 		, 0 , 0 , [1. 0.]	, NORMAL
[38.723804, -9.161392, 12, 125, -11.2, -118.0, 28, 4004] 		, 0 , 0 , [1. 0.]	, NORMAL
[38.723804, -9.161392, 12, 125, -11.8, -116.0, 28, 54056] 		, 0 , 0 , [0.6 0.4]	, DUVIDAS 0.4
[38.723804, -9.161392, 12, 125, -10.5, -116.0, 28, 4004] 		, 0 , 0 , [1. 0.]	, NORMAL
[38.723804, -9.161392, 12, 125, -11.2, -117.0, 28, 58061] 		, 0 , 0 , [1. 0.]	, NORMAL
[38.723804, -9.161392, 12, 125, -12.5, -118.0, 28, 8008] 		, 0 , 0 , [1. 0.]	, NORMAL
[38.723804, -9.161392, 12, 125, -13.8, -115.0, 28, 58140] 		, 0 , 0 , [1. 0.]	, NORMAL
[38.723804, -9.161392, 12, 125, -12.8, -118.0, 28, 3924] 		, 0 , 0 , [1. 0.]	, NORMAL
[38.723804, -9.161392, 12, 125, -10.8, -117.0, 28, 54056] 		, 0 , 0 , [1. 0.]	, NORMAL
[38.723804, -9.161392, 12, 125, -11.0, -116.0, 28, 4085] 		, 0 , 0 , [1. 0.]	, NORMAL
[38.723804, -9.161392, 12, 125, -14.2, -105.0, 28, 4985] 		, 0 , 0 , [1. 0.]	, NORMAL
[38.723804, -9.161392, 12, 125, -13.0, -113.0, 28, 52995] 		, 0 , 0 , [1. 0.]	, NORMAL
[38.723804, -9.161392, 12, 125, -10.5, -116.0, 28, 4084] 		, 0 , 0 , [1. 0.]	, NORMAL
[38.723804, -9.161392, 12, 125, -12.0, -117.0, 28, 59041] 		, 0 , 0 , [1. 0.]	, NORMAL
[38.723804, -9.161392, 12, 125, -13.0, -118.0, 28, 7949] 		, 0 , 0 , [1. 0.]	, NORMAL
[38.723804, -9.161392, 12, 125, -13.8, -115.0, 28, 117181] 		, 0 , 0 , [1. 0.]	, NORMAL
[38.723804, -9.161392, 12, 125, -12.5, -117.0, 28, 4945] 		, 0 , 0 , [1. 0.]	, NORMAL
[38.723804, -9.161392, 12, 125, -10.2, -117.0, 28, 4004] 		, 0 , 0 , [1. 0.]	, NORMAL
[38.723804, -9.161392, 12, 125, -13.2, -113.0, 28, 53076] 		, 0 , 0 , [0.8 0.2]	, DUVIDAS 0.2
[38.723804, -9.161392, 12, 125, -12.2, -117.0, 28, 4985] 		, 0 , 0 , [1. 0.]	, NORMAL
[38.723804, -9.161392, 12, 125, -10.5, -116.0, 28, 5005] 		, 0 , 0 , [1. 0.]	, NORMAL
[38.723804, -9.161392, 12, 125, -15.0, -103.0, 28, 53055] 		, 0 , 0 , [1. 0.]	, NORMAL
[38.723804, -9.161392, 12, 125, -13.8, -118.0, 28, 4004] 		, 0 , 0 , [1. 0.]	, NORMAL
[38.723804, -9.161392, 12, 125, -11.2, -116.0, 28, 4004] 		, 0 , 0 , [1. 0.]	, NORMAL
[38.723804, -9.161392, 12, 125, -11.0, -112.0, 28, 62065] 		, 0 , 0 , [1. 0.]	, NORMAL
[38.723804, -9.161392, 12, 125, -13.8, -94.0, 28, 54056] 		, 0 , 0 , [1. 0.]	, NORMAL
[38.723804, -9.161392, 12, 125, -13.0, -117.0, 28, 5005] 		, 0 , 0 , [1. 0.]	, NORMAL
[38.723804, -9.161392, 12, 125, -12.5, -112.0, 28, 5005] 		, 0 , 0 , [1. 0.]	, NORMAL
[38.723804, -9.161392, 12, 125, -10.5, -118.0, 28, 57120] 		, 0 , 0 , [1. 0.]	, NORMAL
[38.723804, -9.161392, 12, 125, -14.8, -113.0, 28, 4945] 		, 0 , 0 , [1. 0.]	, NORMAL
[38.723804, -9.161392, 12, 125, -12.8, -118.0, 28, 52054] 		, 0 , 0 , [1. 0.]	, NORMAL
[38.723804, -9.161392, 12, 125, -11.5, -118.0, 28, 5045] 		, 0 , 0 , [1. 0.]	, NORMAL
[38.723804, -9.161392, 12, 125, -13.8, -118.0, 28, 57019] 		, 0 , 0 , [1. 0.]	, NORMAL
[38.723804, -9.161392, 12, 125, -11.8, -118.0, 28, 5005] 		, 0 , 0 , [1. 0.]	, NORMAL
[38.723804, -9.161392, 12, 125, -12.8, -98.0, 28, 4004] 		, 0 , 0 , [1. 0.]	, NORMAL
[38.723804, -9.161392, 12, 125, -12.2, -116.0, 28, 61064] 		, 0 , 0 , [1. 0.]	, NORMAL
[38.723804, -9.161392, 12, 125, -12.5, -117.0, 28, 54056] 		, 0 , 0 , [1. 0.]	, NORMAL
[38.723804, -9.161392, 12, 125, -15.8, -115.0, 28, 5005] 		, 0 , 0 , [1. 0.]	, NORMAL
[38.723804, -9.161392, 12, 125, -11.0, -111.0, 28, 4004] 		, 0 , 0 , [1. 0.]	, NORMAL
[38.723804, -9.161392, 12, 125, -11.0, -101.0, 28, 63066] 		, 0 , 0 , [1. 0.]	, NORMAL
[38.723804, -9.161392, 12, 125, -13.8, -118.0, 28, 59041] 		, 0 , 0 , [1. 0.]	, NORMAL
[38.723804, -9.161392, 12, 125, -11.2, -117.0, 28, 5005] 		, 0 , 0 , [1. 0.]	, NORMAL
[38.723804, -9.161392, 12, 125, -16.0, -113.0, 28, 53075] 		, 0 , 0 , [1. 0.]	, NORMAL
[38.723804, -9.161392, 12, 125, -10.5, -118.0, 28, 7989] 		, 0 , 0 , [1. 0.]	, NORMAL
[38.723804, -9.161392, 12, 125, -12.2, -118.0, 28, 60062] 		, 0 , 0 , [1. 0.]	, NORMAL
[38.723804, -9.161392, 12, 125, -10.2, -118.0, 28, 4004] 		, 0 , 0 , [1. 0.]	, NORMAL
[38.723804, -9.161392, 12, 125, -13.5, -118.0, 28, 54056] 		, 0 , 0 , [1. 0.]	, NORMAL
[38.723804, -9.161392, 12, 125, -12.0, -116.0, 28, 4024] 		, 0 , 0 , [1. 0.]	, NORMAL
[38.723804, -9.161392, 12, 125, -10.8, -113.0, 28, 5006] 		, 0 , 0 , [1. 0.]	, NORMAL
[38.723804, -9.161392, 12, 125, -10.5, -115.0, 28, 54056] 		, 0 , 0 , [1. 0.]	, NORMAL
[38.723804, -9.161392, 12, 125, -12.5, -115.0, 28, 8008] 		, 0 , 0 , [1. 0.]	, NORMAL
[38.723804, -9.161392, 12, 125, -11.0, -118.0, 28, 64067] 		, 0 , 0 , [1. 0.]	, NORMAL
[38.723804, -9.161392, 12, 125, -12.8, -119.0, 28, 58040] 		, 0 , 0 , [1. 0.]	, NORMAL
[38.723804, -9.161392, 12, 125, -14.2, -115.0, 28, 4004] 		, 0 , 0 , [1. 0.]	, NORMAL
[38.723804, -9.161392, 12, 125, -12.2, -117.0, 28, 55057] 		, 0 , 0 , [1. 0.]	, NORMAL
[38.723804, -9.161392, 12, 125, -12.8, -117.0, 28, 4064] 		, 0 , 0 , [1. 0.]	, NORMAL
[38.723804, -9.161392, 12, 125, -12.2, -116.0, 28, 3965] 		, 0 , 0 , [1. 0.]	, NORMAL
[38.723804, -9.161392, 12, 125, -10.5, -116.0, 28, 64066] 		, 0 , 0 , [1. 0.]	, NORMAL
[38.723804, -9.161392, 12, 125, -11.2, -117.0, 28, 57059] 		, 0 , 0 , [1. 0.]	, NORMAL
[38.723804, -9.161392, 12, 125, -14.8, -117.0, 28, 4004] 		, 0 , 0 , [1. 0.]	, NORMAL
[38.723804, -9.161392, 12, 125, -11.0, -118.0, 28, 54077] 		, 0 , 0 , [1. 0.]	, NORMAL
[38.723804, -9.161392, 12, 125, -12.0, -117.0, 28, 62024] 		, 0 , 0 , [1. 0.]	, NORMAL
[38.723804, -9.161392, 12, 125, -11.2, -117.0, 28, 62064] 		, 0 , 0 , [1. 0.]	, NORMAL
[38.723804, -9.161392, 12, 125, -11.8, -118.0, 28, 5006] 		, 0 , 0 , [1. 0.]	, NORMAL
[38.723804, -9.161392, 12, 125, -16.8, -112.0, 28, 57059] 		, 0 , 0 , [1. 0.]	, NORMAL
[38.723804, -9.161392, 12, 125, -14.0, -117.0, 28, 4004] 		, 0 , 0 , [1. 0.]	, NORMAL
[38.723804, -9.161392, 12, 125, -12.2, -113.0, 28, 4004] 		, 0 , 0 , [1. 0.]	, NORMAL
[38.723804, -9.161392, 12, 125, -15.0, -105.0, 28, 54056] 		, 0 , 0 , [1. 0.]	, NORMAL
[38.723804, -9.161392, 12, 125, -12.8, -118.0, 28, 5006] 		, 0 , 0 , [1. 0.]	, NORMAL
[38.723804, -9.161392, 12, 125, -15.0, -118.0, 28, 58060] 		, 0 , 0 , [1. 0.]	, NORMAL
[38.723804, -9.161392, 12, 125, -10.2, -118.0, 28, 4004] 		, 0 , 0 , [1. 0.]	, NORMAL
[38.723804, -9.161392, 12, 125, -10.5, -119.0, 28, 67070] 		, 0 , 0 , [1. 0.]	, NORMAL
[38.723804, -9.161392, 12, 125, -12.2, -117.0, 28, 61063] 		, 0 , 0 , [1. 0.]	, NORMAL
[38.723804, -9.161392, 12, 125, -11.8, -117.0, 28, 64067] 		, 0 , 0 , [1. 0.]	, NORMAL
[38.723804, -9.161392, 12, 125, -11.8, -118.0, 28, 58060] 		, 0 , 0 , [1. 0.]	, NORMAL
[38.723804, -9.161392, 12, 125, -12.5, -117.0, 28, 5005] 		, 0 , 0 , [1. 0.]	, NORMAL
[38.723804, -9.161392, 12, 125, -11.2, -118.0, 28, 53055] 		, 0 , 0 , [1. 0.]	, NORMAL
[38.723804, -9.161392, 12, 125, -14.0, -117.0, 28, 5065] 		, 0 , 0 , [1. 0.]	, NORMAL
[38.723804, -9.161392, 12, 125, -12.0, -118.0, 28, 58060] 		, 0 , 0 , [1. 0.]	, NORMAL
[38.723804, -9.161392, 12, 125, -13.5, -115.0, 28, 63006] 		, 0 , 0 , [1. 0.]	, NORMAL
[38.723804, -9.161392, 12, 125, -12.8, -117.0, 28, 9069] 		, 0 , 0 , [1. 0.]	, NORMAL
[38.723804, -9.161392, 12, 125, -18.2, -112.0, 28, 58000] 		, 0 , 0 , [1. 0.]	, NORMAL
[38.723804, -9.161392, 12, 125, -14.0, -115.0, 28, 4004] 		, 0 , 0 , [1. 0.]	, NORMAL
[38.723804, -9.161392, 12, 125, -11.0, -118.0, 28, 55057] 		, 0 , 0 , [1. 0.]	, NORMAL
[38.723804, -9.161392, 12, 125, -13.5, -117.0, 28, 9010] 		, 0 , 0 , [1. 0.]	, NORMAL
[38.723804, -9.161392, 12, 125, -11.8, -116.0, 28, 54056] 		, 0 , 0 , [0.6 0.4]	, DUVIDAS 0.4
[38.723804, -9.161392, 12, 125, -13.8, -117.0, 28, 5005] 		, 0 , 0 , [1. 0.]	, NORMAL
[38.723804, -9.161392, 12, 125, -12.2, -118.0, 28, 4004] 		, 0 , 0 , [1. 0.]	, NORMAL
[38.723804, -9.161392, 12, 125, -13.0, -117.0, 28, 59141] 		, 0 , 0 , [1. 0.]	, NORMAL
[38.723804, -9.161392, 12, 125, -11.0, -116.0, 28, 58982] 		, 0 , 0 , [1. 0.]	, NORMAL
[38.723804, -9.161392, 12, 125, -11.2, -119.0, 28, 4004] 		, 0 , 0 , [1. 0.]	, NORMAL
[38.723804, -9.161392, 12, 125, -12.5, -117.0, 28, 59061] 		, 0 , 0 , [1. 0.]	, NORMAL
[38.723804, -9.161392, 12, 125, -12.8, -117.0, 28, 63065] 		, 0 , 0 , [1. 0.]	, NORMAL
[38.723804, -9.161392, 12, 125, -12.0, -109.0, 28, 4005] 		, 0 , 0 , [1. 0.]	, NORMAL
[38.723804, -9.161392, 12, 125, -11.0, -117.0, 28, 59061] 		, 0 , 0 , [1. 0.]	, NORMAL
[38.723804, -9.161392, 12, 125, -14.5, -103.0, 28, 4004] 		, 0 , 0 , [1. 0.]	, NORMAL
[38.723804, -9.161392, 12, 125, -12.0, -118.0, 28, 60062] 		, 0 , 0 , [1. 0.]	, NORMAL
[38.723804, -9.161392, 12, 125, -12.8, -116.0, 28, 4004] 		, 0 , 0 , [1. 0.]	, NORMAL
[38.723804, -9.161392, 12, 125, -11.5, -114.0, 28, 60063] 		, 0 , 0 , [1. 0.]	, NORMAL
[38.723804, -9.161392, 12, 125, -12.5, -116.0, 28, 63065] 		, 0 , 0 , [1. 0.]	, NORMAL
[38.723804, -9.161392, 12, 125, -13.0, -115.0, 28, 63065] 		, 0 , 0 , [1. 0.]	, NORMAL
[38.723804, -9.161392, 12, 125, -12.2, -118.0, 28, 4004] 		, 0 , 0 , [1. 0.]	, NORMAL
[38.723804, -9.161392, 12, 125, -11.0, -117.0, 28, 63066] 		, 0 , 0 , [1. 0.]	, NORMAL
[38.723804, -9.161392, 12, 125, -12.0, -119.0, 28, 4004] 		, 0 , 0 , [1. 0.]	, NORMAL
[38.723804, -9.161392, 12, 125, -14.5, -117.0, 28, 58060] 		, 0 , 0 , [1. 0.]	, NORMAL
[38.723804, -9.161392, 12, 125, -15.2, -112.0, 28, 59061] 		, 0 , 0 , [1. 0.]	, NORMAL
[38.723804, -9.161392, 12, 125, -14.2, -118.0, 28, 5006] 		, 0 , 0 , [1. 0.]	, NORMAL
[38.723804, -9.161392, 12, 125, -13.5, -115.0, 28, 5005] 		, 0 , 0 , [1. 0.]	, NORMAL
[38.723804, -9.161392, 12, 125, -13.2, -116.0, 28, 53115] 		, 0 , 0 , [1. 0.]	, NORMAL
[38.723804, -9.161392, 12, 125, -14.2, -113.0, 28, 66989] 		, 0 , 0 , [1. 0.]	, NORMAL
[38.723804, -9.161392, 12, 125, -13.0, -119.0, 28, 4005] 		, 0 , 0 , [1. 0.]	, NORMAL
[38.723804, -9.161392, 12, 125, -12.0, -117.0, 28, 56058] 		, 0 , 0 , [1. 0.]	, NORMAL
[38.723804, -9.161392, 12, 125, -12.2, -117.0, 28, 4004] 		, 0 , 0 , [1. 0.]	, NORMAL
[38.723804, -9.161392, 12, 125, -11.8, -116.0, 28, 4084] 		, 0 , 0 , [1. 0.]	, NORMAL
[38.723804, -9.161392, 12, 125, -14.5, -115.0, 28, 64987] 		, 0 , 0 , [1. 0.]	, NORMAL
[38.723804, -9.161392, 12, 125, -10.5, -115.0, 28, 53055] 		, 0 , 0 , [1. 0.]	, NORMAL
[38.723804, -9.161392, 12, 125, -10.8, -117.0, 28, 5006] 		, 0 , 0 , [1. 0.]	, NORMAL
[38.723804, -9.161392, 12, 125, -14.8, -112.0, 28, 58060] 		, 0 , 0 , [1. 0.]	, NORMAL
[38.723804, -9.161392, 12, 125, -16.5, -115.0, 28, 4004] 		, 0 , 0 , [1. 0.]	, NORMAL
[38.723804, -9.161392, 12, 125, -13.0, -118.0, 28, 59081] 		, 0 , 0 , [1. 0.]	, NORMAL
[38.723804, -9.161392, 12, 125, -12.2, -118.0, 28, 4004] 		, 0 , 0 , [1. 0.]	, NORMAL
[38.723804, -9.161392, 12, 125, -12.8, -112.0, 28, 5006] 		, 0 , 0 , [1. 0.]	, NORMAL
[38.723804, -9.161392, 12, 125, -11.8, -117.0, 28, 58040] 		, 0 , 0 , [1. 0.]	, NORMAL
[38.723804, -9.161392, 12, 125, -13.2, -116.0, 28, 5005] 		, 0 , 0 , [1. 0.]	, NORMAL
[38.723804, -9.161392, 12, 125, -12.2, -117.0, 28, 59141] 		, 0 , 0 , [1. 0.]	, NORMAL
[38.723804, -9.161392, 12, 125, -12.0, -115.0, 28, 3924] 		, 0 , 0 , [1. 0.]	, NORMAL
[38.723804, -9.161392, 12, 125, -14.8, -106.0, 28, 117122] 		, 0 , 0 , [1. 0.]	, NORMAL
[38.723804, -9.161392, 12, 125, -13.8, -117.0, 28, 4024] 		, 0 , 0 , [1. 0.]	, NORMAL
[38.723804, -9.161392, 12, 125, -13.8, -116.0, 28, 4985] 		, 0 , 0 , [1. 0.]	, NORMAL
[38.723804, -9.161392, 12, 125, -11.5, -118.0, 28, 54056] 		, 0 , 0 , [1. 0.]	, NORMAL
[38.723804, -9.161392, 12, 125, -11.5, -116.0, 28, 63066] 		, 0 , 0 , [1. 0.]	, NORMAL
[38.723804, -9.161392, 12, 125, -13.8, -118.0, 28, 5005] 		, 0 , 0 , [1. 0.]	, NORMAL
[38.723804, -9.161392, 12, 125, -12.2, -116.0, 28, 5005] 		, 0 , 0 , [1. 0.]	, NORMAL
[38.723804, -9.161392, 12, 125, -14.0, -118.0, 28, 53055] 		, 0 , 0 , [1. 0.]	, NORMAL
[38.723804, -9.161392, 12, 125, -11.2, -118.0, 28, 8008] 		, 0 , 0 , [1. 0.]	, NORMAL
[38.723804, -9.161392, 12, 125, -12.5, -116.0, 28, 55057] 		, 0 , 0 , [1. 0.]	, NORMAL
[38.723804, -9.161392, 12, 125, -13.2, -118.0, 28, 71114] 		, 0 , 0 , [1. 0.]	, NORMAL
[38.723804, -9.161392, 12, 125, -12.0, -115.0, 28, 55017] 		, 0 , 0 , [1. 0.]	, NORMAL
[38.723804, -9.161392, 12, 125, -14.2, -117.0, 28, 9010] 		, 0 , 0 , [1. 0.]	, NORMAL
[38.723804, -9.161392, 12, 125, -11.0, -118.0, 28, 54056] 		, 0 , 0 , [1. 0.]	, NORMAL
[38.723804, -9.161392, 12, 125, -14.2, -119.0, 28, 8008] 		, 0 , 0 , [1. 0.]	, NORMAL
[38.723804, -9.161392, 12, 125, -11.2, -116.0, 28, 55057] 		, 0 , 0 , [1. 0.]	, NORMAL
[38.723804, -9.161392, 12, 125, -12.5, -119.0, 28, 8008] 		, 0 , 0 , [1. 0.]	, NORMAL
[38.723804, -9.161392, 12, 125, -11.8, -109.0, 28, 55057] 		, 0 , 0 , [1. 0.]	, NORMAL
[38.723804, -9.161392, 12, 125, -14.8, -113.0, 28, 5066] 		, 0 , 0 , [1. 0.]	, NORMAL
[38.723804, -9.161392, 12, 125, -12.0, -119.0, 28, 3944] 		, 0 , 0 , [1. 0.]	, NORMAL
[38.723804, -9.161392, 12, 125, -11.0, -116.0, 28, 58060] 		, 0 , 0 , [1. 0.]	, NORMAL
[38.723804, -9.161392, 12, 125, -10.8, -117.0, 28, 59061] 		, 0 , 0 , [1. 0.]	, NORMAL
[38.723804, -9.161392, 12, 125, -11.5, -117.0, 28, 4004] 		, 0 , 0 , [1. 0.]	, NORMAL
[38.723804, -9.161392, 12, 125, -10.2, -117.0, 28, 5006] 		, 0 , 0 , [1. 0.]	, NORMAL
[38.723804, -9.161392, 12, 125, -10.8, -117.0, 28, 53055] 		, 0 , 0 , [1. 0.]	, NORMAL
[38.723804, -9.161392, 12, 125, -10.8, -117.0, 28, 5005] 		, 0 , 0 , [1. 0.]	, NORMAL
[38.723804, -9.161392, 12, 125, -12.2, -117.0, 28, 58060] 		, 0 , 0 , [1. 0.]	, NORMAL
[38.723804, -9.161392, 12, 125, -12.0, -117.0, 28, 5085] 		, 0 , 0 , [1. 0.]	, NORMAL
[38.723804, -9.161392, 12, 125, -11.0, -116.0, 28, 3924] 		, 0 , 0 , [1. 0.]	, NORMAL
[38.723804, -9.161392, 12, 125, -11.0, -116.0, 28, 54056] 		, 0 , 0 , [1. 0.]	, NORMAL
[38.723804, -9.161392, 12, 125, -11.2, -117.0, 28, 4005] 		, 0 , 0 , [1. 0.]	, NORMAL
[38.723804, -9.161392, 12, 125, -14.2, -117.0, 28, 58120] 		, 0 , 0 , [0.8 0.2]	, DUVIDAS 0.2
[38.723804, -9.161392, 12, 125, -14.8, -116.0, 28, 3924] 		, 0 , 0 , [1. 0.]	, NORMAL
[38.723804, -9.161392, 12, 125, -11.8, -119.0, 28, 4004] 		, 0 , 0 , [1. 0.]	, NORMAL
[38.723804, -9.161392, 12, 125, -12.8, -118.0, 28, 59101] 		, 0 , 0 , [1. 0.]	, NORMAL
[38.723804, -9.161392, 12, 125, -13.5, -116.0, 28, 3985] 		, 0 , 0 , [1. 0.]	, NORMAL
[38.723804, -9.161392, 12, 125, -13.2, -117.0, 28, 54036] 		, 0 , 0 , [1. 0.]	, NORMAL
[38.723804, -9.161392, 12, 125, -14.5, -113.0, 28, 9009] 		, 0 , 0 , [1. 0.]	, NORMAL
[38.723804, -9.161392, 12, 125, -12.0, -119.0, 28, 54076] 		, 0 , 0 , [1. 0.]	, NORMAL
[38.723804, -9.161392, 12, 125, -14.8, -118.0, 28, 63045] 		, 0 , 0 , [1. 0.]	, NORMAL
[38.723804, -9.161392, 12, 125, -11.5, -118.0, 28, 4105] 		, 0 , 0 , [1. 0.]	, NORMAL
[38.723804, -9.161392, 12, 125, -15.0, -119.0, 28, 63025] 		, 0 , 0 , [1. 0.]	, NORMAL
[38.723804, -9.161392, 12, 125, -12.5, -118.0, 28, 3964] 		, 0 , 0 , [1. 0.]	, NORMAL
[38.723804, -9.161392, 12, 125, -12.8, -116.0, 28, 55037] 		, 0 , 0 , [1. 0.]	, NORMAL
[38.723804, -9.161392, 12, 125, -11.8, -119.0, 28, 4004] 		, 0 , 0 , [1. 0.]	, NORMAL
[38.723804, -9.161392, 12, 125, -12.5, -117.0, 28, 4005] 		, 0 , 0 , [1. 0.]	, NORMAL
[38.723804, -9.161392, 12, 125, -11.8, -117.0, 28, 59061] 		, 0 , 0 , [1. 0.]	, NORMAL
[38.723804, -9.161392, 12, 125, -12.8, -116.0, 28, 4004] 		, 0 , 0 , [1. 0.]	, NORMAL
[38.723804, -9.161392, 12, 125, -12.2, -118.0, 28, 55057] 		, 0 , 0 , [1. 0.]	, NORMAL
[38.723804, -9.161392, 12, 125, -10.5, -116.0, 28, 4004] 		, 0 , 0 , [1. 0.]	, NORMAL
[38.723804, -9.161392, 12, 125, -11.8, -113.0, 28, 60063] 		, 0 , 0 , [1. 0.]	, NORMAL
[38.723804, -9.161392, 12, 125, -12.2, -117.0, 28, 4064] 		, 0 , 0 , [1. 0.]	, NORMAL
[38.723804, -9.161392, 12, 125, -12.8, -117.0, 28, 3944] 		, 0 , 0 , [1. 0.]	, NORMAL
[38.723804, -9.161392, 12, 125, -11.0, -117.0, 28, 60062] 		, 0 , 0 , [1. 0.]	, NORMAL
[38.723804, -9.161392, 12, 125, -12.5, -119.0, 28, 4064] 		, 0 , 0 , [1. 0.]	, NORMAL
[38.723804, -9.161392, 12, 125, -13.5, -113.0, 28, 58000] 		, 0 , 0 , [0.8 0.2]	, DUVIDAS 0.2
[38.723804, -9.161392, 12, 125, -12.0, -117.0, 28, 4005] 		, 0 , 0 , [1. 0.]	, NORMAL
[38.723804, -9.161392, 12, 125, -11.5, -118.0, 28, 59101] 		, 0 , 0 , [1. 0.]	, NORMAL
[38.723804, -9.161392, 12, 125, -12.0, -117.0, 28, 3964] 		, 0 , 0 , [1. 0.]	, NORMAL
[38.723804, -9.161392, 12, 125, -10.8, -115.0, 28, 55057] 		, 0 , 0 , [1. 0.]	, NORMAL
[38.723804, -9.161392, 12, 125, -11.8, -118.0, 28, 4004] 		, 0 , 0 , [1. 0.]	, NORMAL
[38.723804, -9.161392, 12, 125, -13.2, -115.0, 28, 4004] 		, 0 , 0 , [1. 0.]	, NORMAL
[38.723804, -9.161392, 12, 125, -12.0, -116.0, 28, 55078] 		, 0 , 0 , [1. 0.]	, NORMAL
[38.723804, -9.161392, 12, 125, -12.8, -116.0, 28, 7988] 		, 0 , 0 , [1. 0.]	, NORMAL
[38.723804, -9.161392, 12, 125, -11.8, -117.0, 28, 59061] 		, 0 , 0 , [1. 0.]	, NORMAL
[38.723804, -9.161392, 12, 125, -11.2, -118.0, 28, 4024] 		, 0 , 0 , [1. 0.]	, NORMAL
[38.723804, -9.161392, 12, 125, -16.0, -112.0, 28, 60043] 		, 0 , 0 , [1. 0.]	, NORMAL
[38.723804, -9.161392, 12, 125, -11.0, -116.0, 28, 4064] 		, 0 , 0 , [1. 0.]	, NORMAL
[38.723804, -9.161392, 11, 125, -12.8, -97.0, 28, 13135889] 		, 0 , 0 , [1. 0.]	, NORMAL
[38.723804, -9.161392, 11, 125, -14.0, -118.0, 28, 61065] 		, 0 , 0 , [1. 0.]	, NORMAL
[38.723804, -9.161392, 12, 125, -12.0, -113.0, 28, 4524] 		, 0 , 0 , [1. 0.]	, NORMAL
[38.723804, -9.161392, 12, 125, -14.0, -111.0, 28, 63067] 		, 0 , 0 , [1. 0.]	, NORMAL
[38.723804, -9.161392, 12, 125, -11.0, -118.0, 28, 59042] 		, 0 , 0 , [1. 0.]	, NORMAL
[38.723804, -9.161392, 12, 125, -14.0, -117.0, 28, 4004] 		, 0 , 0 , [1. 0.]	, NORMAL
[38.723804, -9.161392, 12, 125, -11.0, -118.0, 28, 53056] 		, 0 , 0 , [1. 0.]	, NORMAL
[38.723804, -9.161392, 12, 125, -12.2, -118.0, 28, 4004] 		, 0 , 0 , [1. 0.]	, NORMAL
[38.723804, -9.161392, 12, 125, -15.5, -117.0, 28, 4004] 		, 0 , 0 , [1. 0.]	, NORMAL
[38.723804, -9.161392, 12, 125, -13.2, -118.0, 28, 58081] 		, 0 , 0 , [1. 0.]	, NORMAL
[38.723804, -9.161392, 12, 125, -10.8, -118.0, 28, 4004] 		, 0 , 0 , [1. 0.]	, NORMAL
[38.723804, -9.161392, 12, 125, -12.5, -118.0, 28, 63047] 		, 0 , 0 , [1. 0.]	, NORMAL
[38.723804, -9.161392, 12, 125, -11.8, -118.0, 28, 51053] 		, 0 , 0 , [1. 0.]	, NORMAL
[38.723804, -9.161392, 12, 125, -10.0, -118.0, 28, 8029] 		, 0 , 0 , [1. 0.]	, NORMAL
[38.723804, -9.161392, 12, 125, -12.8, -117.0, 28, 54036] 		, 0 , 0 , [1. 0.]	, NORMAL
[38.723804, -9.161392, 12, 125, -11.8, -117.0, 28, 5006] 		, 0 , 0 , [1. 0.]	, NORMAL
[38.723804, -9.161392, 12, 125, -12.0, -118.0, 28, 4004] 		, 0 , 0 , [1. 0.]	, NORMAL
[38.723804, -9.161392, 12, 125, -11.5, -118.0, 28, 52155] 		, 0 , 0 , [1. 0.]	, NORMAL
[38.723804, -9.161392, 12, 125, -14.8, -119.0, 28, 3924] 		, 0 , 0 , [1. 0.]	, NORMAL
[38.723804, -9.161392, 12, 125, -13.8, -118.0, 28, 4004] 		, 0 , 0 , [1. 0.]	, NORMAL
[38.723804, -9.161392, 12, 125, -13.8, -111.0, 28, 62045] 		, 0 , 0 , [1. 0.]	, NORMAL
[38.723804, -9.161392, 12, 125, -15.5, -118.0, 28, 125131] 		, 0 , 0 , [1. 0.]	, NORMAL
[38.723804, -9.161392, 12, 125, -12.5, -118.0, 28, 53056] 		, 0 , 0 , [1. 0.]	, NORMAL
[38.723804, -9.161392, 12, 125, -12.5, -119.0, 28, 62065] 		, 0 , 0 , [1. 0.]	, NORMAL
[38.723804, -9.161392, 12, 125, -13.0, -118.0, 28, 62066] 		, 0 , 0 , [1. 0.]	, NORMAL
[38.723804, -9.161392, 12, 125, -12.2, -117.0, 28, 61064] 		, 0 , 0 , [1. 0.]	, NORMAL
[38.723804, -9.161392, 12, 125, -13.2, -116.0, 28, 70073] 		, 0 , 0 , [1. 0.]	, NORMAL
[38.723804, -9.161392, 12, 125, -12.8, -119.0, 28, 8009] 		, 0 , 0 , [0.8 0.2]	, DUVIDAS 0.2
[38.723804, -9.161392, 12, 125, -10.0, -118.0, 28, 67070] 		, 0 , 0 , [1. 0.]	, NORMAL
[38.723804, -9.161392, 12, 125, -12.8, -118.0, 28, 4004] 		, 0 , 0 , [1. 0.]	, NORMAL
[38.723804, -9.161392, 12, 125, -11.2, -117.0, 28, 61064] 		, 0 , 0 , [1. 0.]	, NORMAL
[38.723804, -9.161392, 12, 125, -16.0, -115.0, 28, 4005] 		, 0 , 0 , [1. 0.]	, NORMAL
[38.723804, -9.161392, 12, 125, -12.0, -118.0, 28, 5005] 		, 0 , 0 , [1. 0.]	, NORMAL
[38.723804, -9.161392, 12, 125, -10.5, -118.0, 28, 122128] 		, 0 , 0 , [1. 0.]	, NORMAL
[38.723804, -9.161392, 12, 125, -16.0, -115.0, 28, 4004] 		, 0 , 0 , [1. 0.]	, NORMAL
[38.723804, -9.161392, 12, 125, -10.2, -117.0, 28, 66070] 		, 0 , 0 , [1. 0.]	, NORMAL
[38.723804, -9.161392, 12, 125, -12.8, -116.0, 28, 74077] 		, 0 , 0 , [1. 0.]	, NORMAL
[38.723804, -9.161392, 12, 125, -11.8, -116.0, 28, 65069] 		, 0 , 0 , [1. 0.]	, NORMAL
[38.723804, -9.161392, 12, 125, -11.5, -118.0, 28, 62065] 		, 0 , 0 , [1. 0.]	, NORMAL
[38.723804, -9.161392, 12, 125, -13.0, -118.0, 28, 4004] 		, 0 , 0 , [1. 0.]	, NORMAL
[38.723804, -9.161392, 12, 125, -15.5, -115.0, 28, 57060] 		, 0 , 0 , [1. 0.]	, NORMAL
[38.723804, -9.161392, 12, 125, -14.5, -115.0, 28, 8008] 		, 0 , 0 , [1. 0.]	, NORMAL
[38.723804, -9.161392, 12, 125, -12.5, -115.0, 28, 61064] 		, 0 , 0 , [1. 0.]	, NORMAL
[38.723804, -9.161392, 12, 125, -12.5, -117.0, 28, 8008] 		, 0 , 0 , [1. 0.]	, NORMAL
[38.723804, -9.161392, 12, 125, -12.0, -118.0, 28, 67071] 		, 0 , 0 , [1. 0.]	, NORMAL
[38.723804, -9.161392, 12, 125, -13.0, -118.0, 28, 65068] 		, 0 , 0 , [1. 0.]	, NORMAL
[38.723804, -9.161392, 12, 125, -11.2, -117.0, 28, 70074] 		, 0 , 0 , [1. 0.]	, NORMAL
[38.723804, -9.161392, 12, 125, -12.8, -116.0, 28, 9009] 		, 0 , 0 , [1. 0.]	, NORMAL
[38.723804, -9.161392, 12, 125, -12.2, -118.0, 28, 61144] 		, 0 , 0 , [1. 0.]	, NORMAL
[38.723804, -9.161392, 12, 125, -11.8, -116.0, 28, 8930] 		, 0 , 0 , [1. 0.]	, NORMAL
[38.723804, -9.161392, 12, 125, -17.5, -118.0, 28, 52054] 		, 0 , 0 , [1. 0.]	, NORMAL
[38.723804, -9.161392, 12, 125, -11.5, -117.0, 28, 7989] 		, 0 , 0 , [1. 0.]	, NORMAL
[38.723804, -9.161392, 12, 125, -13.2, -102.0, 28, 62085] 		, 0 , 0 , [1. 0.]	, NORMAL
[38.723804, -9.161392, 12, 125, -11.2, -98.0, 28, 8008] 		, 0 , 0 , [1. 0.]	, NORMAL
[38.723804, -9.161392, 12, 125, -15.5, -104.0, 28, 70154] 		, 0 , 0 , [1. 0.]	, NORMAL
[38.723804, -9.161392, 12, 125, -16.0, -118.0, 28, 52956] 		, 0 , 0 , [1. 0.]	, NORMAL
[38.723804, -9.161392, 12, 125, -11.8, -116.0, 28, 5005] 		, 0 , 0 , [1. 0.]	, NORMAL
[38.723804, -9.161392, 12, 125, -13.5, -117.0, 28, 4004] 		, 0 , 0 , [1. 0.]	, NORMAL
[38.723804, -9.161392, 12, 125, -12.8, -116.0, 28, 57060] 		, 0 , 0 , [1. 0.]	, NORMAL
[38.723804, -9.161392, 12, 125, -11.8, -117.0, 28, 73077] 		, 0 , 0 , [1. 0.]	, NORMAL
[38.723804, -9.161392, 12, 125, -14.0, -116.0, 28, 53056] 		, 0 , 0 , [1. 0.]	, NORMAL
[38.723804, -9.161392, 12, 125, -10.8, -118.0, 28, 70174] 		, 0 , 0 , [1. 0.]	, NORMAL
[38.723804, -9.161392, 12, 125, -11.0, -117.0, 28, 8909] 		, 0 , 0 , [1. 0.]	, NORMAL
[38.723804, -9.161392, 12, 125, -12.5, -118.0, 28, 52055] 		, 0 , 0 , [1. 0.]	, NORMAL
[38.723804, -9.161392, 12, 125, -11.0, -117.0, 28, 9010] 		, 0 , 0 , [1. 0.]	, NORMAL
[38.723804, -9.161392, 12, 125, -12.8, -118.0, 28, 61144] 		, 0 , 0 , [1. 0.]	, NORMAL
[38.723804, -9.161392, 12, 125, -12.8, -117.0, 28, 4925] 		, 0 , 0 , [1. 0.]	, NORMAL
[38.723804, -9.161392, 12, 125, -11.0, -116.0, 28, 5005] 		, 0 , 0 , [1. 0.]	, NORMAL
[38.723804, -9.161392, 12, 125, -15.2, -117.0, 28, 65069] 		, 0 , 0 , [1. 0.]	, NORMAL
[38.723804, -9.161392, 12, 125, -12.5, -117.0, 28, 4004] 		, 0 , 0 , [1. 0.]	, NORMAL
[38.723804, -9.161392, 12, 125, -12.0, -117.0, 28, 61064] 		, 0 , 0 , [1. 0.]	, NORMAL
[38.723804, -9.161392, 12, 125, -13.0, -118.0, 28, 8009] 		, 0 , 0 , [1. 0.]	, NORMAL
[38.723804, -9.161392, 12, 125, -10.8, -117.0, 28, 62065] 		, 0 , 0 , [1. 0.]	, NORMAL
[38.723804, -9.161392, 12, 125, -12.5, -117.0, 28, 4004] 		, 0 , 0 , [1. 0.]	, NORMAL
[38.723804, -9.161392, 12, 125, -10.2, -119.0, 28, 66069] 		, 0 , 0 , [1. 0.]	, NORMAL
[38.723804, -9.161392, 12, 125, -11.2, -118.0, 28, 5006] 		, 0 , 0 , [1. 0.]	, NORMAL
[38.723804, -9.161392, 12, 125, -10.2, -116.0, 28, 56079] 		, 0 , 0 , [1. 0.]	, NORMAL
[38.723804, -9.161392, 12, 125, -11.2, -118.0, 28, 3984] 		, 0 , 0 , [1. 0.]	, NORMAL
[38.723804, -9.161392, 12, 125, -12.5, -111.0, 28, 70074] 		, 0 , 0 , [1. 0.]	, NORMAL
[38.723804, -9.161392, 12, 125, -12.5, -116.0, 28, 5005] 		, 0 , 0 , [1. 0.]	, NORMAL
[38.723804, -9.161392, 12, 125, -15.0, -117.0, 28, 61064] 		, 0 , 0 , [1. 0.]	, NORMAL
[38.723804, -9.161392, 12, 125, -13.0, -118.0, 28, 8008] 		, 0 , 0 , [1. 0.]	, NORMAL
[38.723804, -9.161392, 12, 125, -12.2, -119.0, 28, 66070] 		, 0 , 0 , [1. 0.]	, NORMAL
[38.723804, -9.161392, 12, 125, -13.0, -116.0, 28, 4004] 		, 0 , 0 , [1. 0.]	, NORMAL
[38.723804, -9.161392, 12, 125, -13.5, -118.0, 28, 66070] 		, 0 , 0 , [1. 0.]	, NORMAL
[38.723804, -9.161392, 12, 125, -11.2, -117.0, 28, 4004] 		, 0 , 0 , [1. 0.]	, NORMAL
[38.723804, -9.161392, 12, 125, -11.8, -118.0, 28, 53056] 		, 0 , 0 , [1. 0.]	, NORMAL
[38.723804, -9.161392, 12, 125, -13.5, -119.0, 28, 4004] 		, 0 , 0 , [1. 0.]	, NORMAL
[38.723804, -9.161392, 12, 125, -12.5, -118.0, 28, 57060] 		, 0 , 0 , [1. 0.]	, NORMAL
[38.723804, -9.161392, 12, 125, -15.2, -113.0, 28, 4084] 		, 0 , 0 , [1. 0.]	, NORMAL
[38.723804, -9.161392, 12, 125, -13.2, -118.0, 28, 3924] 		, 0 , 0 , [1. 0.]	, NORMAL
[38.723804, -9.161392, 12, 125, -13.0, -118.0, 28, 53056] 		, 0 , 0 , [1. 0.]	, NORMAL
[38.723804, -9.161392, 12, 125, -12.5, -118.0, 28, 4004] 		, 0 , 0 , [1. 0.]	, NORMAL
[38.723804, -9.161392, 12, 125, -15.2, -115.0, 28, 118124] 		, 0 , 0 , [1. 0.]	, NORMAL
[38.723804, -9.161392, 12, 125, -12.8, -115.0, 28, 4085] 		, 0 , 0 , [1. 0.]	, NORMAL
[38.723804, -9.161392, 12, 125, -13.2, -113.0, 28, 69993] 		, 0 , 0 , [0.8 0.2]	, DUVIDAS 0.2
[38.723804, -9.161392, 12, 125, -12.8, -118.0, 28, 5005] 		, 0 , 0 , [1. 0.]	, NORMAL
[38.723804, -9.161392, 12, 125, -11.0, -118.0, 28, 61065] 		, 0 , 0 , [1. 0.]	, NORMAL
[38.723804, -9.161392, 12, 125, -15.2, -115.0, 24, 8288] 		, 0 , 0 , [1. 0.]	, NORMAL
[38.723804, -9.161392, 12, 125, -12.0, -117.0, 30, 362121] 		, 0 , 0 , [1. 0.]	, NORMAL
[38.723804, -9.161392, 12, 125, -10.2, -118.0, 30, 740758] 		, 0 , 0 , [1. 0.]	, NORMAL
[38.723804, -9.161392, 12, 125, -14.0, -117.0, 80, 732648] 		, 0 , 0 , [1. 0.]	, NORMAL
[38.723804, -9.161392, 12, 125, -15.0, -119.0, 126, 362239] 		, 0 , 1 , [0.2 0.8]	. INTRUSION
[38.723804, -9.161392, 12, 125, -12.0, -118.0, 126, 196446] 		, 0 , 1 , [0.2 0.8]	. INTRUSION
[38.723804, -9.161392, 12, 125, -14.0, -117.0, 126, 1259079] 		, 0 , 1 , [0.2 0.8]	. INTRUSION
[38.723804, -9.161392, 12, 125, -12.2, -118.0, 80, 1444672] 		, 0 , 0 , [1. 0.]	, NORMAL
[38.723804, -9.161392, 12, 125, -12.5, -116.0, 126, 362199] 		, 0 , 1 , [0.2 0.8]	. INTRUSION
[38.723804, -9.161392, 12, 125, -13.2, -118.0, 126, 1093141] 		, 0 , 1 , [0.2 0.8]	. INTRUSION
[38.723804, -9.161392, 12, 125, -14.8, -117.0, 126, 370386] 		, 0 , 1 , [0.2 0.8]	. INTRUSION
[38.723804, -9.161392, 10, 125, -13.2, -112.0, 28, 29469800] 		, 0 , 0 , [0.8 0.2]	, DUVIDAS 0.2
[38.723804, -9.161392, 11, 125, -11.8, -117.0, 28, 7368] 		, 0 , 0 , [1. 0.]	, NORMAL
[38.723804, -9.161392, 11, 125, -13.5, -116.0, 28, 54056] 		, 0 , 0 , [1. 0.]	, NORMAL
[38.723804, -9.161392, 11, 125, -11.0, -117.0, 28, 3003] 		, 0 , 0 , [1. 0.]	, NORMAL
[38.723804, -9.161392, 12, 125, -14.0, -118.0, 28, 67631] 		, 0 , 0 , [1. 0.]	, NORMAL
[38.723804, -9.161392, 12, 125, -15.2, -110.0, 28, 3964] 		, 0 , 0 , [1. 0.]	, NORMAL
[38.723804, -9.161392, 12, 125, -12.5, -116.0, 28, 66068] 		, 0 , 0 , [1. 0.]	, NORMAL
[38.723804, -9.161392, 12, 125, -11.0, -118.0, 28, 69072] 		, 0 , 0 , [1. 0.]	, NORMAL
[38.723804, -9.161392, 12, 125, -14.0, -115.0, 28, 8009] 		, 0 , 0 , [1. 0.]	, NORMAL
[38.723804, -9.161392, 12, 125, -10.8, -118.0, 28, 66049] 		, 0 , 0 , [1. 0.]	, NORMAL
[38.723804, -9.161392, 12, 125, -11.0, -116.0, 28, 65067] 		, 0 , 0 , [1. 0.]	, NORMAL
[38.723804, -9.161392, 12, 125, -11.5, -116.0, 28, 5005] 		, 0 , 0 , [1. 0.]	, NORMAL
[38.723804, -9.161392, 12, 125, -12.0, -119.0, 28, 63066] 		, 0 , 0 , [1. 0.]	, NORMAL
[38.723804, -9.161392, 12, 125, -13.0, -117.0, 28, 9009] 		, 0 , 0 , [1. 0.]	, NORMAL
[38.723804, -9.161392, 12, 125, -10.8, -115.0, 28, 59062] 		, 0 , 0 , [1. 0.]	, NORMAL
[38.723804, -9.161392, 12, 125, -11.2, -117.0, 28, 4004] 		, 0 , 0 , [1. 0.]	, NORMAL
[38.723804, -9.161392, 12, 125, -16.2, -117.0, 28, 4004] 		, 0 , 0 , [1. 0.]	, NORMAL
[38.723804, -9.161392, 12, 125, -11.0, -116.0, 28, 59061] 		, 0 , 0 , [1. 0.]	, NORMAL
[38.723804, -9.161392, 12, 125, -10.8, -116.0, 28, 68071] 		, 0 , 0 , [1. 0.]	, NORMAL
[38.723804, -9.161392, 12, 125, -14.8, -118.0, 28, 4024] 		, 0 , 0 , [1. 0.]	, NORMAL
[38.723804, -9.161392, 12, 125, -13.2, -112.0, 28, 3984] 		, 0 , 0 , [1. 0.]	, NORMAL
[38.723804, -9.161392, 12, 125, -11.2, -118.0, 28, 64067] 		, 0 , 0 , [1. 0.]	, NORMAL
[38.723804, -9.161392, 12, 125, -10.5, -116.0, 28, 63066] 		, 0 , 0 , [1. 0.]	, NORMAL
[38.723804, -9.161392, 12, 125, -11.5, -117.0, 28, 71074] 		, 0 , 0 , [1. 0.]	, NORMAL
[38.723804, -9.161392, 12, 125, -12.2, -118.0, 28, 64066] 		, 0 , 0 , [1. 0.]	, NORMAL
[38.723804, -9.161392, 12, 125, -11.5, -117.0, 28, 68071] 		, 0 , 0 , [1. 0.]	, NORMAL
[38.723804, -9.161392, 12, 125, -10.8, -118.0, 28, 9010] 		, 0 , 0 , [1. 0.]	, NORMAL
[38.723804, -9.161392, 12, 125, -13.2, -118.0, 28, 62064] 		, 0 , 0 , [1. 0.]	, NORMAL
[38.723804, -9.161392, 12, 125, -13.8, -115.0, 28, 69072] 		, 0 , 0 , [1. 0.]	, NORMAL
[38.723804, -9.161392, 12, 125, -13.5, -115.0, 28, 135140] 		, 0 , 0 , [1. 0.]	, NORMAL
[38.723804, -9.161392, 12, 125, -15.0, -112.0, 28, 5006] 		, 0 , 0 , [1. 0.]	, NORMAL
[38.723804, -9.161392, 12, 125, -15.0, -115.0, 28, 62064] 		, 0 , 0 , [1. 0.]	, NORMAL
[38.723804, -9.161392, 12, 125, -12.0, -116.0, 28, 5005] 		, 0 , 0 , [1. 0.]	, NORMAL
[38.723804, -9.161392, 12, 125, -10.8, -116.0, 28, 57060] 		, 0 , 0 , [1. 0.]	, NORMAL
[38.723804, -9.161392, 12, 125, -14.0, -117.0, 28, 5005] 		, 0 , 0 , [1. 0.]	, NORMAL
[38.723804, -9.161392, 12, 125, -11.2, -115.0, 28, 4004] 		, 0 , 0 , [1. 0.]	, NORMAL
[38.723804, -9.161392, 12, 125, -12.2, -117.0, 28, 58061] 		, 0 , 0 , [1. 0.]	, NORMAL
[38.723804, -9.161392, 12, 125, -12.8, -114.0, 28, 67069] 		, 0 , 0 , [1. 0.]	, NORMAL
[38.723804, -9.161392, 12, 125, -11.2, -117.0, 28, 8990] 		, 0 , 0 , [1. 0.]	, NORMAL
[38.723804, -9.161392, 12, 125, -12.2, -113.0, 28, 62084] 		, 0 , 0 , [1. 0.]	, NORMAL
[38.723804, -9.161392, 12, 125, -10.5, -112.0, 28, 73056] 		, 0 , 0 , [1. 0.]	, NORMAL
[38.723804, -9.161392, 12, 125, -11.5, -117.0, 28, 124129] 		, 0 , 0 , [1. 0.]	, NORMAL
[38.723804, -9.161392, 12, 125, -12.0, -117.0, 28, 8029] 		, 0 , 0 , [1. 0.]	, NORMAL
[38.723804, -9.161392, 12, 125, -12.2, -117.0, 28, 63045] 		, 0 , 0 , [1. 0.]	, NORMAL
[38.723804, -9.161392, 12, 125, -11.8, -118.0, 28, 5106] 		, 0 , 0 , [1. 0.]	, NORMAL
[38.723804, -9.161392, 12, 125, -10.0, -118.0, 28, 57960] 		, 0 , 0 , [1. 0.]	, NORMAL
[38.723804, -9.161392, 12, 125, -12.0, -118.0, 28, 4004] 		, 0 , 0 , [1. 0.]	, NORMAL
[38.723804, -9.161392, 12, 125, -10.0, -116.0, 28, 5005] 		, 0 , 0 , [1. 0.]	, NORMAL
[38.723804, -9.161392, 12, 125, -11.8, -117.0, 28, 57060] 		, 0 , 0 , [1. 0.]	, NORMAL
[38.723804, -9.161392, 12, 125, -11.8, -118.0, 28, 8008] 		, 0 , 0 , [1. 0.]	, NORMAL
[38.723804, -9.161392, 12, 125, -11.2, -118.0, 28, 59061] 		, 0 , 0 , [1. 0.]	, NORMAL
[38.723804, -9.161392, 12, 125, -10.8, -116.0, 28, 4005] 		, 0 , 0 , [1. 0.]	, NORMAL
[38.723804, -9.161392, 12, 125, -10.0, -118.0, 28, 65067] 		, 0 , 0 , [1. 0.]	, NORMAL
[38.723804, -9.161392, 12, 125, -14.5, -112.0, 28, 62065] 		, 0 , 0 , [1. 0.]	, NORMAL
[38.723804, -9.161392, 12, 125, -12.8, -116.0, 28, 4004] 		, 0 , 0 , [1. 0.]	, NORMAL
[38.723804, -9.161392, 12, 125, -11.8, -115.0, 28, 5005] 		, 0 , 0 , [1. 0.]	, NORMAL
[38.723804, -9.161392, 12, 125, -12.2, -115.0, 28, 66069] 		, 0 , 0 , [1. 0.]	, NORMAL
[38.723804, -9.161392, 12, 125, -11.0, -117.0, 28, 65068] 		, 0 , 0 , [1. 0.]	, NORMAL
[38.723804, -9.161392, 12, 125, -14.2, -119.0, 28, 57059] 		, 0 , 0 , [1. 0.]	, NORMAL
[38.723804, -9.161392, 12, 125, -16.0, -116.0, 28, 4004] 		, 0 , 0 , [1. 0.]	, NORMAL
[38.723804, -9.161392, 12, 125, -11.2, -116.0, 28, 4064] 		, 0 , 0 , [1. 0.]	, NORMAL
[38.723804, -9.161392, 12, 125, -14.8, -118.0, 28, 61004] 		, 0 , 0 , [1. 0.]	, NORMAL
[38.723804, -9.161392, 12, 125, -11.8, -118.0, 28, 4004] 		, 0 , 0 , [1. 0.]	, NORMAL
[38.723804, -9.161392, 12, 125, -14.2, -115.0, 28, 58060] 		, 0 , 0 , [1. 0.]	, NORMAL
[38.723804, -9.161392, 12, 125, -12.5, -118.0, 28, 69072] 		, 0 , 0 , [1. 0.]	, NORMAL
[38.723804, -9.161392, 12, 125, -16.2, -111.0, 28, 61064] 		, 0 , 0 , [1. 0.]	, NORMAL
[38.723804, -9.161392, 12, 125, -12.8, -117.0, 28, 9009] 		, 0 , 0 , [1. 0.]	, NORMAL
[38.723804, -9.161392, 12, 125, -11.2, -118.0, 28, 60063] 		, 0 , 0 , [1. 0.]	, NORMAL
[38.723804, -9.161392, 12, 125, -10.5, -117.0, 28, 66068] 		, 0 , 0 , [1. 0.]	, NORMAL
[38.723804, -9.161392, 12, 125, -14.0, -117.0, 28, 4004] 		, 0 , 0 , [1. 0.]	, NORMAL
[38.723804, -9.161392, 12, 125, -10.8, -118.0, 28, 60063] 		, 0 , 0 , [1. 0.]	, NORMAL
[38.723804, -9.161392, 12, 125, -12.0, -116.0, 28, 4004] 		, 0 , 0 , [1. 0.]	, NORMAL
[38.723804, -9.161392, 12, 125, -13.0, -119.0, 28, 56058] 		, 0 , 0 , [1. 0.]	, NORMAL
[38.723804, -9.161392, 12, 125, -14.5, -115.0, 28, 4004] 		, 0 , 0 , [1. 0.]	, NORMAL
[38.723804, -9.161392, 12, 125, -10.5, -116.0, 28, 4005] 		, 0 , 0 , [1. 0.]	, NORMAL
[38.723804, -9.161392, 12, 125, -13.0, -118.0, 28, 56138] 		, 0 , 0 , [1. 0.]	, NORMAL
[38.723804, -9.161392, 12, 125, -13.0, -117.0, 28, 3924] 		, 0 , 0 , [1. 0.]	, NORMAL
[38.723804, -9.161392, 12, 125, -13.8, -119.0, 28, 60062] 		, 0 , 0 , [1. 0.]	, NORMAL
[38.723804, -9.161392, 12, 125, -13.2, -118.0, 28, 5006] 		, 0 , 0 , [1. 0.]	, NORMAL
[38.723804, -9.161392, 12, 125, -10.5, -118.0, 28, 4004] 		, 0 , 0 , [1. 0.]	, NORMAL
[38.723804, -9.161392, 12, 125, -12.5, -118.0, 28, 59061] 		, 0 , 0 , [1. 0.]	, NORMAL
[38.723804, -9.161392, 12, 125, -13.2, -112.0, 28, 4004] 		, 0 , 0 , [1. 0.]	, NORMAL
[38.723804, -9.161392, 12, 125, -12.5, -119.0, 28, 60043] 		, 0 , 0 , [1. 0.]	, NORMAL
[38.723804, -9.161392, 12, 125, -11.5, -117.0, 28, 4024] 		, 0 , 0 , [1. 0.]	, NORMAL
[38.723804, -9.161392, 12, 125, -13.2, -118.0, 28, 60062] 		, 0 , 0 , [1. 0.]	, NORMAL
[38.723804, -9.161392, 12, 125, -12.5, -116.0, 28, 59062] 		, 0 , 0 , [1. 0.]	, NORMAL
[38.723804, -9.161392, 12, 125, -10.8, -118.0, 28, 4004] 		, 0 , 0 , [1. 0.]	, NORMAL
[38.723804, -9.161392, 12, 125, -15.0, -117.0, 28, 60062] 		, 0 , 0 , [1. 0.]	, NORMAL
[38.723804, -9.161392, 12, 125, -11.2, -117.0, 28, 4005] 		, 0 , 0 , [1. 0.]	, NORMAL
[38.723804, -9.161392, 12, 125, -14.8, -117.0, 28, 59041] 		, 0 , 0 , [1. 0.]	, NORMAL
[38.723804, -9.161392, 12, 125, -12.2, -117.0, 28, 8008] 		, 0 , 0 , [1. 0.]	, NORMAL
[38.723804, -9.161392, 12, 125, -13.2, -116.0, 28, 55058] 		, 0 , 0 , [1. 0.]	, NORMAL
[38.723804, -9.161392, 12, 125, -11.0, -117.0, 28, 4004] 		, 0 , 0 , [1. 0.]	, NORMAL
[38.723804, -9.161392, 12, 125, -11.5, -117.0, 28, 4004] 		, 0 , 0 , [1. 0.]	, NORMAL
[38.723804, -9.161392, 12, 125, -14.2, -113.0, 28, 118123] 		, 0 , 0 , [1. 0.]	, NORMAL
[38.723804, -9.161392, 12, 125, -13.0, -115.0, 28, 4004] 		, 0 , 0 , [1. 0.]	, NORMAL
[38.723804, -9.161392, 12, 125, -10.2, -112.0, 28, 59061] 		, 0 , 0 , [1. 0.]	, NORMAL
[38.723804, -9.161392, 12, 125, -11.0, -115.0, 28, 5006] 		, 0 , 0 , [1. 0.]	, NORMAL
[38.723804, -9.161392, 12, 125, -12.8, -119.0, 28, 62064] 		, 0 , 0 , [1. 0.]	, NORMAL
[38.723804, -9.161392, 12, 125, -11.0, -117.0, 28, 4004] 		, 0 , 0 , [1. 0.]	, NORMAL
[38.723804, -9.161392, 12, 125, -14.8, -118.0, 28, 58061] 		, 0 , 0 , [1. 0.]	, NORMAL
[38.723804, -9.161392, 12, 125, -11.8, -117.0, 28, 4004] 		, 0 , 0 , [1. 0.]	, NORMAL
[38.723804, -9.161392, 12, 125, -14.8, -116.0, 28, 55057] 		, 0 , 0 , [1. 0.]	, NORMAL
[38.723804, -9.161392, 12, 125, -10.5, -118.0, 28, 8089] 		, 0 , 0 , [1. 0.]	, NORMAL
[38.723804, -9.161392, 12, 125, -14.5, -115.0, 28, 59982] 		, 0 , 0 , [1. 0.]	, NORMAL
[38.723804, -9.161392, 12, 125, -10.0, -118.0, 28, 5005] 		, 0 , 0 , [1. 0.]	, NORMAL
[38.723804, -9.161392, 12, 125, -14.0, -117.0, 28, 57059] 		, 0 , 0 , [1. 0.]	, NORMAL
[38.723804, -9.161392, 12, 125, -12.5, -117.0, 28, 4005] 		, 0 , 0 , [1. 0.]	, NORMAL
[38.723804, -9.161392, 12, 125, -14.8, -119.0, 28, 59061] 		, 0 , 0 , [1. 0.]	, NORMAL
[38.723804, -9.161392, 12, 125, -10.5, -116.0, 28, 58060] 		, 0 , 0 , [1. 0.]	, NORMAL
[38.723804, -9.161392, 12, 125, -14.8, -118.0, 28, 62105] 		, 0 , 0 , [1. 0.]	, NORMAL
[38.723804, -9.161392, 12, 125, -9.8, -116.0, 28, 3964] 		, 0 , 0 , [1. 0.]	, NORMAL
[38.723804, -9.161392, 12, 125, -12.0, -104.0, 28, 4085] 		, 0 , 0 , [1. 0.]	, NORMAL
[38.723804, -9.161392, 12, 125, -13.0, -118.0, 28, 53976] 		, 0 , 0 , [1. 0.]	, NORMAL
[38.723804, -9.161392, 12, 125, -11.0, -116.0, 28, 4004] 		, 0 , 0 , [1. 0.]	, NORMAL
[38.723804, -9.161392, 12, 125, -12.5, -117.0, 28, 66069] 		, 0 , 0 , [1. 0.]	, NORMAL
[38.723804, -9.161392, 12, 125, -13.0, -98.0, 28, 53055] 		, 0 , 0 , [1. 0.]	, NORMAL
[38.723804, -9.161392, 12, 125, -10.8, -117.0, 28, 8088] 		, 0 , 0 , [1. 0.]	, NORMAL
[38.723804, -9.161392, 12, 125, -11.2, -113.0, 28, 63987] 		, 0 , 0 , [1. 0.]	, NORMAL
[38.723804, -9.161392, 12, 125, -14.8, -115.0, 28, 54136] 		, 0 , 0 , [1. 0.]	, NORMAL
[38.723804, -9.161392, 12, 125, -10.8, -117.0, 28, 5005] 		, 0 , 0 , [1. 0.]	, NORMAL
[38.723804, -9.161392, 12, 125, -16.0, -118.0, 28, 3924] 		, 0 , 0 , [1. 0.]	, NORMAL
[38.723804, -9.161392, 12, 125, -11.2, -118.0, 28, 55058] 		, 0 , 0 , [1. 0.]	, NORMAL
[38.723804, -9.161392, 12, 125, -15.2, -116.0, 28, 9009] 		, 0 , 0 , [1. 0.]	, NORMAL
[38.723804, -9.161392, 12, 125, -12.5, -118.0, 28, 55057] 		, 0 , 0 , [1. 0.]	, NORMAL
[38.723804, -9.161392, 12, 125, -12.2, -117.0, 28, 8089] 		, 0 , 0 , [1. 0.]	, NORMAL
[38.723804, -9.161392, 12, 125, -12.2, -117.0, 28, 55978] 		, 0 , 0 , [1. 0.]	, NORMAL
[38.723804, -9.161392, 12, 125, -10.5, -117.0, 28, 8008] 		, 0 , 0 , [1. 0.]	, NORMAL
[38.723804, -9.161392, 12, 125, -12.8, -118.0, 28, 57060] 		, 0 , 0 , [1. 0.]	, NORMAL
[38.723804, -9.161392, 12, 125, -12.5, -118.0, 28, 8088] 		, 0 , 0 , [1. 0.]	, NORMAL
[38.723804, -9.161392, 12, 125, -13.8, -118.0, 28, 65969] 		, 0 , 0 , [1. 0.]	, NORMAL
[38.723804, -9.161392, 12, 125, -11.0, -117.0, 28, 55057] 		, 0 , 0 , [1. 0.]	, NORMAL
[38.723804, -9.161392, 12, 125, -14.2, -116.0, 28, 4004] 		, 0 , 0 , [1. 0.]	, NORMAL
[38.723804, -9.161392, 12, 125, -12.5, -118.0, 28, 4004] 		, 0 , 0 , [1. 0.]	, NORMAL
[38.723804, -9.161392, 12, 125, -11.2, -117.0, 28, 56059] 		, 0 , 0 , [1. 0.]	, NORMAL
[38.723804, -9.161392, 12, 125, -14.5, -113.0, 28, 4004] 		, 0 , 0 , [1. 0.]	, NORMAL
[38.723804, -9.161392, 12, 125, -10.5, -116.0, 28, 59061] 		, 0 , 0 , [1. 0.]	, NORMAL
[38.723804, -9.161392, 12, 125, -12.8, -116.0, 28, 4004] 		, 0 , 0 , [1. 0.]	, NORMAL
[38.723804, -9.161392, 12, 125, -10.0, -118.0, 28, 60083] 		, 0 , 0 , [1. 0.]	, NORMAL
[38.723804, -9.161392, 12, 125, -12.0, -118.0, 28, 4004] 		, 0 , 0 , [1. 0.]	, NORMAL
[38.723804, -9.161392, 12, 125, -12.5, -116.0, 28, 60042] 		, 0 , 0 , [1. 0.]	, NORMAL
[38.723804, -9.161392, 12, 125, -11.5, -118.0, 28, 8009] 		, 0 , 0 , [1. 0.]	, NORMAL
[38.723804, -9.161392, 12, 125, -14.5, -115.0, 28, 56138] 		, 0 , 0 , [1. 0.]	, NORMAL
[38.723804, -9.161392, 12, 125, -12.0, -117.0, 28, 7928] 		, 0 , 0 , [1. 0.]	, NORMAL
[38.723804, -9.161392, 12, 125, -11.5, -117.0, 28, 55058] 		, 0 , 0 , [1. 0.]	, NORMAL
[38.723804, -9.161392, 12, 125, -12.5, -116.0, 28, 10010] 		, 0 , 0 , [1. 0.]	, NORMAL
[38.723804, -9.161392, 12, 125, -14.0, -115.0, 28, 53055] 		, 0 , 0 , [1. 0.]	, NORMAL
[38.723804, -9.161392, 12, 125, -10.8, -117.0, 28, 9010] 		, 0 , 0 , [1. 0.]	, NORMAL
[38.723804, -9.161392, 12, 125, -10.0, -117.0, 28, 62064] 		, 0 , 0 , [1. 0.]	, NORMAL
[38.723804, -9.161392, 12, 125, -17.2, -111.0, 28, 56059] 		, 0 , 0 , [1. 0.]	, NORMAL
[38.723804, -9.161392, 12, 125, -15.0, -117.0, 28, 64066] 		, 0 , 0 , [1. 0.]	, NORMAL
[38.723804, -9.161392, 12, 125, -11.0, -118.0, 28, 4085] 		, 0 , 0 , [1. 0.]	, NORMAL
[38.723804, -9.161392, 12, 125, -12.8, -118.0, 28, 58981] 		, 0 , 0 , [1. 0.]	, NORMAL
[38.723804, -9.161392, 12, 125, -12.8, -119.0, 28, 5005] 		, 0 , 0 , [0.8 0.2]	, DUVIDAS 0.2
[38.723804, -9.161392, 12, 125, -12.5, -115.0, 28, 63066] 		, 0 , 0 , [1. 0.]	, NORMAL
[38.723804, -9.161392, 12, 125, -12.0, -116.0, 28, 62065] 		, 0 , 0 , [1. 0.]	, NORMAL
[38.723804, -9.161392, 12, 125, -13.2, -117.0, 28, 4003] 		, 0 , 0 , [1. 0.]	, NORMAL
[38.723804, -9.161392, 12, 125, -12.5, -118.0, 28, 63066] 		, 0 , 0 , [1. 0.]	, NORMAL
[38.723804, -9.161392, 12, 125, -14.8, -118.0, 28, 55097] 		, 0 , 0 , [1. 0.]	, NORMAL
[38.723804, -9.161392, 12, 125, -13.0, -117.0, 28, 7969] 		, 0 , 0 , [1. 0.]	, NORMAL
[38.723804, -9.161392, 12, 125, -18.5, -109.0, 28, 58060] 		, 0 , 0 , [1. 0.]	, NORMAL
[38.723804, -9.161392, 12, 125, -11.0, -117.0, 28, 58060] 		, 0 , 0 , [1. 0.]	, NORMAL
[38.723804, -9.161392, 12, 125, -12.5, -117.0, 28, 8009] 		, 0 , 0 , [1. 0.]	, NORMAL
[38.723804, -9.161392, 12, 125, -13.5, -116.0, 28, 58140] 		, 0 , 0 , [1. 0.]	, NORMAL
[38.723804, -9.161392, 12, 125, -12.5, -117.0, 28, 3924] 		, 0 , 0 , [1. 0.]	, NORMAL
[38.723804, -9.161392, 12, 125, -14.0, -116.0, 28, 59062] 		, 0 , 0 , [1. 0.]	, NORMAL
[38.723804, -9.161392, 12, 125, -12.8, -119.0, 28, 4004] 		, 0 , 0 , [0.8 0.2]	, DUVIDAS 0.2
[38.723804, -9.161392, 12, 125, -15.0, -113.0, 28, 57059] 		, 0 , 0 , [1. 0.]	, NORMAL
[38.723804, -9.161392, 12, 125, -15.8, -119.0, 28, 5005] 		, 0 , 0 , [1. 0.]	, NORMAL
[38.723804, -9.161392, 12, 125, -11.5, -117.0, 28, 57060] 		, 0 , 0 , [1. 0.]	, NORMAL
[38.723804, -9.161392, 12, 125, -11.2, -115.0, 28, 5005] 		, 0 , 0 , [1. 0.]	, NORMAL
[38.723804, -9.161392, 12, 125, -12.8, -116.0, 28, 53055] 		, 0 , 0 , [1. 0.]	, NORMAL
[38.723804, -9.161392, 12, 125, -11.2, -117.0, 28, 4985] 		, 0 , 0 , [1. 0.]	, NORMAL
[38.723804, -9.161392, 12, 125, -12.0, -116.0, 28, 5005] 		, 0 , 0 , [1. 0.]	, NORMAL
[38.723804, -9.161392, 12, 125, -10.5, -112.0, 28, 52075] 		, 0 , 0 , [1. 0.]	, NORMAL
[38.723804, -9.161392, 12, 125, -10.5, -115.0, 28, 4004] 		, 0 , 0 , [1. 0.]	, NORMAL
[38.723804, -9.161392, 12, 125, -11.5, -116.0, 28, 5005] 		, 0 , 0 , [1. 0.]	, NORMAL
[38.723804, -9.161392, 12, 125, -11.0, -115.0, 28, 61063] 		, 0 , 0 , [1. 0.]	, NORMAL
[38.723804, -9.161392, 12, 125, -14.8, -119.0, 28, 54057] 		, 0 , 0 , [1. 0.]	, NORMAL
[38.723804, -9.161392, 12, 125, -11.0, -115.0, 28, 62064] 		, 0 , 0 , [1. 0.]	, NORMAL
[38.723804, -9.161392, 12, 125, -12.5, -116.0, 28, 4084] 		, 0 , 0 , [1. 0.]	, NORMAL
[38.723804, -9.161392, 12, 125, -12.2, -118.0, 28, 4004] 		, 0 , 0 , [1. 0.]	, NORMAL
[38.723804, -9.161392, 12, 125, -12.5, -117.0, 28, 52955] 		, 0 , 0 , [1. 0.]	, NORMAL
[38.723804, -9.161392, 12, 125, -14.2, -109.0, 28, 5006] 		, 0 , 0 , [1. 0.]	, NORMAL
[38.723804, -9.161392, 12, 125, -11.2, -118.0, 28, 4004] 		, 0 , 0 , [1. 0.]	, NORMAL
[38.723804, -9.161392, 12, 125, -13.0, -117.0, 28, 58060] 		, 0 , 0 , [1. 0.]	, NORMAL
[38.723804, -9.161392, 12, 125, -11.8, -115.0, 28, 4004] 		, 0 , 0 , [1. 0.]	, NORMAL
[38.723804, -9.161392, 12, 125, -14.8, -115.0, 28, 58061] 		, 0 , 0 , [1. 0.]	, NORMAL
[38.723804, -9.161392, 12, 125, -12.8, -115.0, 28, 4004] 		, 0 , 0 , [1. 0.]	, NORMAL
[38.723804, -9.161392, 12, 125, -10.2, -117.0, 28, 56058] 		, 0 , 0 , [1. 0.]	, NORMAL
[38.723804, -9.161392, 12, 125, -12.2, -118.0, 28, 4004] 		, 0 , 0 , [1. 0.]	, NORMAL
[38.723804, -9.161392, 12, 125, -13.5, -111.0, 28, 57060] 		, 0 , 0 , [1. 0.]	, NORMAL
[38.723804, -9.161392, 12, 125, -12.2, -117.0, 28, 4004] 		, 0 , 0 , [1. 0.]	, NORMAL
[38.723804, -9.161392, 12, 125, -11.0, -117.0, 28, 53055] 		, 0 , 0 , [1. 0.]	, NORMAL
[38.723804, -9.161392, 12, 125, -15.2, -105.0, 28, 4004] 		, 0 , 0 , [1. 0.]	, NORMAL
[38.723804, -9.161392, 12, 125, -14.5, -118.0, 28, 4064] 		, 0 , 0 , [1. 0.]	, NORMAL
[38.723804, -9.161392, 12, 125, -10.8, -117.0, 28, 62005] 		, 0 , 0 , [1. 0.]	, NORMAL
[38.723804, -9.161392, 12, 125, -14.8, -119.0, 28, 4004] 		, 0 , 0 , [1. 0.]	, NORMAL
[38.723804, -9.161392, 12, 125, -11.0, -117.0, 28, 4004] 		, 0 , 0 , [1. 0.]	, NORMAL
[38.723804, -9.161392, 12, 125, -10.5, -115.0, 28, 62065] 		, 0 , 0 , [1. 0.]	, NORMAL
[38.723804, -9.161392, 12, 125, -11.5, -117.0, 28, 4004] 		, 0 , 0 , [1. 0.]	, NORMAL
[38.723804, -9.161392, 12, 125, -9.5, -116.0, 28, 66069] 		, 0 , 0 , [1. 0.]	, NORMAL
[38.723804, -9.161392, 12, 125, -12.0, -118.0, 28, 4004] 		, 0 , 0 , [1. 0.]	, NORMAL
[38.723804, -9.161392, 12, 125, -18.0, -110.0, 28, 4004] 		, 0 , 0 , [1. 0.]	, NORMAL
[38.723804, -9.161392, 12, 125, -11.0, -117.0, 28, 62064] 		, 0 , 0 , [1. 0.]	, NORMAL
[38.723804, -9.161392, 12, 125, -12.8, -116.0, 28, 4004] 		, 0 , 0 , [1. 0.]	, NORMAL
[38.723804, -9.161392, 12, 125, -11.2, -116.0, 28, 4005] 		, 0 , 0 , [1. 0.]	, NORMAL
[38.723804, -9.161392, 12, 125, -12.2, -117.0, 28, 53055] 		, 0 , 0 , [1. 0.]	, NORMAL
[38.723804, -9.161392, 12, 125, -12.8, -118.0, 28, 4084] 		, 0 , 0 , [1. 0.]	, NORMAL
[38.723804, -9.161392, 12, 125, -10.2, -113.0, 28, 56979] 		, 0 , 0 , [1. 0.]	, NORMAL
[38.723804, -9.161392, 12, 125, -13.5, -117.0, 28, 4004] 		, 0 , 0 , [1. 0.]	, NORMAL
[38.723804, -9.161392, 12, 125, -15.2, -118.0, 28, 5006] 		, 0 , 0 , [1. 0.]	, NORMAL
[38.723804, -9.161392, 12, 125, -14.0, -118.0, 28, 61063] 		, 0 , 0 , [1. 0.]	, NORMAL
[38.723804, -9.161392, 12, 125, -12.8, -118.0, 28, 5005] 		, 0 , 0 , [1. 0.]	, NORMAL
[38.723804, -9.161392, 12, 125, -9.8, -117.0, 28, 4004] 		, 0 , 0 , [1. 0.]	, NORMAL
[38.723804, -9.161392, 12, 125, -12.2, -116.0, 28, 57060] 		, 0 , 0 , [1. 0.]	, NORMAL
[38.723804, -9.161392, 12, 125, -10.5, -117.0, 28, 4084] 		, 0 , 0 , [1. 0.]	, NORMAL
[38.723804, -9.161392, 12, 125, -13.2, -118.0, 28, 118123] 		, 0 , 0 , [1. 0.]	, NORMAL
[38.723804, -9.161392, 12, 125, -11.2, -117.0, 28, 4925] 		, 0 , 0 , [1. 0.]	, NORMAL
[38.723804, -9.161392, 12, 125, -13.2, -118.0, 28, 59061] 		, 0 , 0 , [1. 0.]	, NORMAL
[38.723804, -9.161392, 12, 125, -11.0, -117.0, 28, 62065] 		, 0 , 0 , [1. 0.]	, NORMAL
[38.723804, -9.161392, 12, 125, -14.0, -119.0, 28, 4004] 		, 0 , 0 , [1. 0.]	, NORMAL
[38.723804, -9.161392, 12, 125, -11.8, -116.0, 28, 58060] 		, 0 , 0 , [1. 0.]	, NORMAL
[38.723804, -9.161392, 12, 125, -14.5, -119.0, 28, 4004] 		, 0 , 0 , [1. 0.]	, NORMAL
[38.723804, -9.161392, 12, 125, -11.5, -118.0, 28, 4005] 		, 0 , 0 , [1. 0.]	, NORMAL
[38.723804, -9.161392, 12, 125, -11.5, -116.0, 28, 59061] 		, 0 , 0 , [1. 0.]	, NORMAL
[38.723804, -9.161392, 12, 125, -13.0, -117.0, 28, 59061] 		, 0 , 0 , [1. 0.]	, NORMAL
[38.723804, -9.161392, 12, 125, -13.8, -118.0, 28, 5086] 		, 0 , 0 , [1. 0.]	, NORMAL
[38.723804, -9.161392, 12, 125, -11.5, -109.0, 28, 66989] 		, 0 , 0 , [1. 0.]	, NORMAL
[38.723804, -9.161392, 12, 125, -10.5, -118.0, 28, 54056] 		, 0 , 0 , [1. 0.]	, NORMAL
[38.723804, -9.161392, 12, 125, -12.5, -117.0, 28, 67070] 		, 0 , 0 , [1. 0.]	, NORMAL
[38.723804, -9.161392, 12, 125, -10.8, -118.0, 28, 4005] 		, 0 , 0 , [1. 0.]	, NORMAL
[38.723804, -9.161392, 12, 125, -12.5, -117.0, 28, 60062] 		, 0 , 0 , [1. 0.]	, NORMAL
[38.723804, -9.161392, 12, 125, -10.5, -116.0, 28, 4004] 		, 0 , 0 , [1. 0.]	, NORMAL
[38.723804, -9.161392, 12, 125, -13.8, -116.0, 28, 64127] 		, 0 , 0 , [1. 0.]	, NORMAL
[38.723804, -9.161392, 12, 125, -12.8, -117.0, 28, 55998] 		, 0 , 0 , [1. 0.]	, NORMAL
[38.723804, -9.161392, 12, 125, -12.5, -116.0, 28, 4064] 		, 0 , 0 , [1. 0.]	, NORMAL
[38.723804, -9.161392, 12, 125, -12.8, -118.0, 28, 63987] 		, 0 , 0 , [1. 0.]	, NORMAL
[38.723804, -9.161392, 12, 125, -12.2, -117.0, 28, 4024] 		, 0 , 0 , [1. 0.]	, NORMAL
[38.723804, -9.161392, 12, 125, -13.2, -112.0, 28, 55037] 		, 0 , 0 , [1. 0.]	, NORMAL
[38.723804, -9.161392, 12, 125, -12.0, -116.0, 28, 62065] 		, 0 , 0 , [1. 0.]	, NORMAL
[38.723804, -9.161392, 12, 125, -11.5, -116.0, 28, 10010] 		, 0 , 0 , [1. 0.]	, NORMAL
[38.723804, -9.161392, 12, 125, -10.8, -117.0, 28, 61103] 		, 0 , 0 , [1. 0.]	, NORMAL
[38.723804, -9.161392, 12, 125, -14.5, -118.0, 28, 53016] 		, 0 , 0 , [1. 0.]	, NORMAL
[38.723804, -9.161392, 12, 125, -14.5, -117.0, 28, 4004] 		, 0 , 0 , [1. 0.]	, NORMAL
[38.723804, -9.161392, 12, 125, -9.8, -112.0, 28, 4004] 		, 0 , 0 , [1. 0.]	, NORMAL
[38.723804, -9.161392, 12, 125, -12.2, -117.0, 28, 58160] 		, 0 , 0 , [1. 0.]	, NORMAL
[38.723804, -9.161392, 12, 125, -10.5, -117.0, 28, 65969] 		, 0 , 0 , [1. 0.]	, NORMAL
[38.723804, -9.161392, 12, 125, -14.5, -113.0, 28, 54056] 		, 0 , 0 , [1. 0.]	, NORMAL
[38.723804, -9.161392, 12, 125, -13.2, -117.0, 28, 5005] 		, 0 , 0 , [1. 0.]	, NORMAL
[38.723804, -9.161392, 12, 125, -14.2, -117.0, 28, 4084] 		, 0 , 0 , [1. 0.]	, NORMAL
[38.723804, -9.161392, 12, 125, -11.0, -117.0, 28, 52995] 		, 0 , 0 , [1. 0.]	, NORMAL
[38.723804, -9.161392, 12, 125, -10.5, -116.0, 28, 3985] 		, 0 , 0 , [1. 0.]	, NORMAL
[38.723804, -9.161392, 12, 125, -13.8, -116.0, 28, 4024] 		, 0 , 0 , [1. 0.]	, NORMAL
[38.723804, -9.161392, 12, 125, -10.8, -117.0, 28, 54036] 		, 0 , 0 , [1. 0.]	, NORMAL
[38.723804, -9.161392, 12, 125, -10.8, -117.0, 28, 4004] 		, 0 , 0 , [1. 0.]	, NORMAL
[38.723804, -9.161392, 12, 125, -12.2, -118.0, 28, 4004] 		, 0 , 0 , [1. 0.]	, NORMAL
[38.723804, -9.161392, 12, 125, -12.5, -118.0, 28, 116121] 		, 0 , 0 , [1. 0.]	, NORMAL
[38.723804, -9.161392, 12, 125, -11.0, -117.0, 28, 4024] 		, 0 , 0 , [1. 0.]	, NORMAL
[38.723804, -9.161392, 12, 125, -11.2, -118.0, 28, 4985] 		, 0 , 0 , [1. 0.]	, NORMAL
[38.723804, -9.161392, 12, 125, -13.5, -117.0, 28, 57060] 		, 0 , 0 , [1. 0.]	, NORMAL
[38.723804, -9.161392, 12, 125, -12.2, -117.0, 28, 4004] 		, 0 , 0 , [1. 0.]	, NORMAL
[38.723804, -9.161392, 12, 125, -18.2, -117.0, 28, 58060] 		, 0 , 0 , [0.8 0.2]	, DUVIDAS 0.2
[38.723804, -9.161392, 12, 125, -12.0, -116.0, 28, 120125] 		, 0 , 0 , [1. 0.]	, NORMAL
[38.723804, -9.161392, 12, 125, -11.0, -117.0, 28, 9089] 		, 0 , 0 , [1. 0.]	, NORMAL
[38.723804, -9.161392, 12, 125, -14.5, -116.0, 28, 58061] 		, 0 , 0 , [1. 0.]	, NORMAL
[38.723804, -9.161392, 12, 125, -12.8, -116.0, 28, 65988] 		, 0 , 0 , [1. 0.]	, NORMAL
[38.723804, -9.161392, 12, 125, -12.0, -116.0, 28, 62065] 		, 0 , 0 , [1. 0.]	, NORMAL
[38.723804, -9.161392, 12, 125, -11.2, -116.0, 28, 53055] 		, 0 , 0 , [1. 0.]	, NORMAL
[38.723804, -9.161392, 12, 125, -12.5, -118.0, 28, 61063] 		, 0 , 0 , [1. 0.]	, NORMAL
[38.723804, -9.161392, 12, 125, -10.8, -118.0, 28, 4005] 		, 0 , 0 , [1. 0.]	, NORMAL
[38.723804, -9.161392, 12, 125, -12.5, -117.0, 28, 5005] 		, 0 , 0 , [1. 0.]	, NORMAL
[38.723804, -9.161392, 12, 125, -15.0, -117.0, 28, 52054] 		, 0 , 0 , [1. 0.]	, NORMAL
[38.723804, -9.161392, 12, 125, -11.8, -118.0, 28, 70133] 		, 0 , 0 , [1. 0.]	, NORMAL
[38.723804, -9.161392, 12, 125, -12.8, -115.0, 28, 52995] 		, 0 , 0 , [1. 0.]	, NORMAL
[38.723804, -9.161392, 12, 125, -12.8, -117.0, 28, 5005] 		, 0 , 0 , [1. 0.]	, NORMAL
[38.723804, -9.161392, 12, 125, -13.0, -117.0, 28, 4004] 		, 0 , 0 , [1. 0.]	, NORMAL
[38.723804, -9.161392, 12, 125, -12.0, -115.0, 28, 53055] 		, 0 , 0 , [1. 0.]	, NORMAL
[38.723804, -9.161392, 12, 125, -13.0, -116.0, 28, 8009] 		, 0 , 0 , [1. 0.]	, NORMAL
[38.723804, -9.161392, 12, 125, -12.5, -116.0, 28, 54056] 		, 0 , 0 , [1. 0.]	, NORMAL
[38.723804, -9.161392, 12, 125, -10.8, -117.0, 28, 4064] 		, 0 , 0 , [1. 0.]	, NORMAL
[38.723804, -9.161392, 12, 125, -12.8, -116.0, 28, 58000] 		, 0 , 0 , [1. 0.]	, NORMAL
[38.723804, -9.161392, 12, 125, -12.5, -110.0, 28, 3985] 		, 0 , 0 , [1. 0.]	, NORMAL
[38.723804, -9.161392, 12, 125, -11.0, -117.0, 28, 4004] 		, 0 , 0 , [1. 0.]	, NORMAL
[38.723804, -9.161392, 12, 125, -9.5, -118.0, 28, 54076] 		, 0 , 0 , [1. 0.]	, NORMAL
[38.723804, -9.161392, 12, 125, -10.2, -116.0, 28, 4005] 		, 0 , 0 , [1. 0.]	, NORMAL
[38.723804, -9.161392, 12, 125, -12.0, -118.0, 28, 59061] 		, 0 , 0 , [1. 0.]	, NORMAL
[38.723804, -9.161392, 12, 125, -13.0, -119.0, 28, 62064] 		, 0 , 0 , [1. 0.]	, NORMAL
[38.723804, -9.161392, 12, 125, -14.2, -117.0, 28, 71074] 		, 0 , 0 , [1. 0.]	, NORMAL
[38.723804, -9.161392, 12, 125, -14.0, -118.0, 28, 58040] 		, 0 , 0 , [1. 0.]	, NORMAL
[38.723804, -9.161392, 12, 125, -13.0, -117.0, 28, 5006] 		, 0 , 0 , [1. 0.]	, NORMAL
[38.723804, -9.161392, 12, 125, -10.8, -117.0, 28, 52134] 		, 0 , 0 , [1. 0.]	, NORMAL
[38.723804, -9.161392, 12, 125, -13.5, -117.0, 28, 4925] 		, 0 , 0 , [1. 0.]	, NORMAL
[38.723804, -9.161392, 12, 125, -14.8, -117.0, 28, 5005] 		, 0 , 0 , [1. 0.]	, NORMAL
[38.723804, -9.161392, 12, 125, -10.8, -115.0, 28, 51053] 		, 0 , 0 , [1. 0.]	, NORMAL
[38.723804, -9.161392, 12, 125, -10.8, -118.0, 28, 9090] 		, 0 , 0 , [1. 0.]	, NORMAL
[38.723804, -9.161392, 12, 125, -11.5, -116.0, 28, 52975] 		, 0 , 0 , [1. 0.]	, NORMAL
[38.723804, -9.161392, 12, 125, -13.0, -117.0, 28, 8048] 		, 0 , 0 , [1. 0.]	, NORMAL
[38.723804, -9.161392, 12, 125, -10.2, -118.0, 28, 53095] 		, 0 , 0 , [1. 0.]	, NORMAL
[38.723804, -9.161392, 12, 125, -12.5, -116.0, 28, 8930] 		, 0 , 0 , [1. 0.]	, NORMAL
[38.723804, -9.161392, 12, 125, -13.5, -112.0, 28, 52054] 		, 0 , 0 , [1. 0.]	, NORMAL
[38.723804, -9.161392, 12, 125, -10.8, -117.0, 28, 9009] 		, 0 , 0 , [1. 0.]	, NORMAL
[38.723804, -9.161392, 12, 125, -12.0, -116.0, 28, 52054] 		, 0 , 0 , [1. 0.]	, NORMAL
[38.723804, -9.161392, 12, 125, -10.8, -116.0, 28, 4005] 		, 0 , 0 , [1. 0.]	, NORMAL
[38.723804, -9.161392, 12, 125, -12.5, -118.0, 28, 57059] 		, 0 , 0 , [1. 0.]	, NORMAL
[38.723804, -9.161392, 12, 125, -11.2, -116.0, 28, 4064] 		, 0 , 0 , [1. 0.]	, NORMAL
[38.723804, -9.161392, 12, 125, -13.0, -118.0, 28, 3944] 		, 0 , 0 , [1. 0.]	, NORMAL
[38.723804, -9.161392, 12, 125, -10.0, -117.0, 28, 53055] 		, 0 , 0 , [1. 0.]	, NORMAL
[38.723804, -9.161392, 12, 125, -11.8, -117.0, 28, 4004] 		, 0 , 0 , [1. 0.]	, NORMAL
[38.723804, -9.161392, 12, 125, -12.5, -115.0, 28, 4005] 		, 0 , 0 , [1. 0.]	, NORMAL
