AVERAGE PRECISION = 0.8033898305084746 
lat, long, sf, bw, lsnr, RSSI, len, tmst_dif, TESTE, PREDICT, PROB, DECISION 
[38.723804, -9.161392, 12, 125, -16.8, -104.0, 28, 10091] 		, 0 , 0 , [1. 0.]	 , NORMAL
[38.723804, -9.161392, 12, 125, -14.8, -119.0, 28, 4005] 		, 0 , 0 , [1. 0.]	 , NORMAL
[38.723804, -9.161392, 12, 125, -12.8, -117.0, 28, 4004] 		, 0 , 0 , [1. 0.]	 , NORMAL
[38.723804, -9.161392, 12, 125, -11.0, -119.0, 28, 8008] 		, 0 , 0 , [1. 0.]	 , NORMAL
[38.723804, -9.161392, 12, 125, -13.5, -118.0, 28, 4004] 		, 0 , 0 , [1. 0.]	 , NORMAL
[38.723804, -9.161392, 12, 125, -10.0, -117.0, 28, 4985] 		, 0 , 0 , [1. 0.]	 , NORMAL
[38.723804, -9.161392, 12, 125, -10.5, -115.0, 28, 63066] 		, 0 , 0 , [1. 0.]	 , NORMAL
[38.723804, -9.161392, 12, 125, -12.0, -117.0, 28, 9069] 		, 0 , 0 , [1. 0.]	 , NORMAL
[38.723804, -9.161392, 12, 125, -11.8, -118.0, 28, 57059] 		, 0 , 0 , [1. 0.]	 , NORMAL
[38.723804, -9.161392, 12, 125, -12.0, -116.0, 28, 5006] 		, 0 , 0 , [1. 0.]	 , NORMAL
[38.723804, -9.161392, 12, 125, -10.8, -119.0, 28, 8008] 		, 0 , 0 , [1. 0.]	 , NORMAL
[38.723804, -9.161392, 12, 125, -13.0, -117.0, 28, 62064] 		, 0 , 0 , [1. 0.]	 , NORMAL
[38.723804, -9.161392, 12, 125, -11.5, -115.0, 28, 60123] 		, 0 , 0 , [1. 0.]	 , NORMAL
[38.723804, -9.161392, 12, 125, -11.8, -118.0, 28, 53096] 		, 0 , 0 , [1. 0.]	 , NORMAL
[38.723804, -9.161392, 12, 125, -13.2, -118.0, 28, 59041] 		, 0 , 0 , [1. 0.]	 , NORMAL
[38.723804, -9.161392, 12, 125, -11.5, -117.0, 28, 5005] 		, 0 , 0 , [1. 0.]	 , NORMAL
[38.723804, -9.161392, 12, 125, -11.2, -118.0, 28, 60143] 		, 0 , 0 , [1. 0.]	 , NORMAL
[38.723804, -9.161392, 12, 125, -10.5, -117.0, 28, 4004] 		, 0 , 0 , [1. 0.]	 , NORMAL
[38.723804, -9.161392, 12, 125, -11.0, -110.0, 28, 4004] 		, 0 , 0 , [1. 0.]	 , NORMAL
[38.723804, -9.161392, 12, 125, -15.5, -115.0, 28, 57140] 		, 0 , 0 , [1. 0.]	 , NORMAL
[38.723804, -9.161392, 12, 125, -13.2, -118.0, 28, 59062] 		, 0 , 0 , [1. 0.]	 , NORMAL
[38.723804, -9.161392, 12, 125, -11.8, -118.0, 28, 5005] 		, 0 , 0 , [1. 0.]	 , NORMAL
[38.723804, -9.161392, 12, 125, -12.5, -117.0, 28, 63065] 		, 0 , 0 , [1. 0.]	 , NORMAL
[38.723804, -9.161392, 12, 125, -10.2, -118.0, 28, 5005] 		, 0 , 0 , [1. 0.]	 , NORMAL
[38.723804, -9.161392, 12, 125, -10.0, -118.0, 28, 57099] 		, 0 , 0 , [1. 0.]	 , NORMAL
[38.723804, -9.161392, 12, 125, -10.0, -117.0, 28, 67069] 		, 0 , 0 , [1. 0.]	 , NORMAL
[38.723804, -9.161392, 12, 125, -14.5, -121.0, 28, 4104] 		, 0 , 0 , [1. 0.]	 , NORMAL
[38.723804, -9.161392, 12, 125, -10.2, -117.0, 28, 4004] 		, 0 , 0 , [1. 0.]	 , NORMAL
[38.723804, -9.161392, 12, 125, -13.0, -119.0, 28, 64067] 		, 0 , 0 , [1. 0.]	 , NORMAL
[38.723804, -9.161392, 12, 125, -10.8, -68.0, 28, 4044] 		, 1 , 1 , [0.4 0.6]	 , INTRUSION
[38.723804, -9.161392, 12, 125, -11.5, -116.0, 28, 52054] 		, 0 , 0 , [1. 0.]	 , NORMAL
[38.723804, -9.161392, 12, 125, -22.0, -119.0, 28, 8990] 		, 1 , 1 , [0.2 0.8]	 , INTRUSION
[38.723804, -9.161392, 12, 125, -13.2, -118.0, 28, 4004] 		, 0 , 0 , [1. 0.]	 , NORMAL
[38.723804, -9.161392, 12, 125, -13.2, -115.0, 28, 65067] 		, 0 , 0 , [1. 0.]	 , NORMAL
[38.723804, -9.161392, 12, 125, 4.0, -117.0, 28, 54056] 		, 1 , 1 , [0.2 0.8]	 , INTRUSION
[38.723804, -9.161392, 12, 125, -10.5, -116.0, 28, 59041] 		, 0 , 0 , [1. 0.]	 , NORMAL
[38.723804, -9.161392, 12, 125, -11.5, -118.0, 28, 7968] 		, 0 , 0 , [1. 0.]	 , NORMAL
[38.723804, -9.161392, 12, 125, -11.0, -116.0, 28, 4004] 		, 0 , 0 , [1. 0.]	 , NORMAL
[38.723804, -9.161392, 12, 125, -12.5, -116.0, 28, 4004] 		, 0 , 0 , [1. 0.]	 , NORMAL
[38.723804, -9.161392, 12, 125, -11.5, -117.0, 28, 3984] 		, 0 , 0 , [1. 0.]	 , NORMAL
[38.723804, -9.161392, 12, 125, -12.2, -118.0, 28, 60062] 		, 0 , 0 , [1. 0.]	 , NORMAL
[38.723804, -9.161392, 12, 125, -11.2, -115.0, 28, 4005] 		, 0 , 0 , [1. 0.]	 , NORMAL
[38.723804, -9.161392, 12, 125, -14.5, -113.0, 28, 4004] 		, 0 , 0 , [1. 0.]	 , NORMAL
[38.723804, -9.161392, 12, 125, -14.5, -113.0, 28, 5025] 		, 0 , 0 , [1. 0.]	 , NORMAL
[38.723804, -9.161392, 12, 125, -12.0, -118.0, 28, 4004] 		, 0 , 0 , [1. 0.]	 , NORMAL
[38.723804, -9.161392, 12, 125, -14.8, -115.0, 28, 4004] 		, 0 , 0 , [1. 0.]	 , NORMAL
[38.723804, -9.161392, 12, 125, -14.2, -116.0, 28, 59062] 		, 0 , 0 , [1. 0.]	 , NORMAL
[38.723804, -9.161392, 12, 125, -13.5, -117.0, 28, 61043] 		, 0 , 0 , [1. 0.]	 , NORMAL
[38.723804, -9.161392, 12, 125, -10.5, -115.0, 28, 4005] 		, 0 , 0 , [1. 0.]	 , NORMAL
[38.723804, -9.161392, 12, 125, -16.5, -113.0, 28, 4024] 		, 0 , 0 , [1. 0.]	 , NORMAL
[38.723804, -9.161392, 12, 125, -12.0, -116.0, 28, 73076] 		, 0 , 0 , [1. 0.]	 , NORMAL
[38.723804, -9.161392, 12, 125, -12.0, -116.0, 28, 57099] 		, 0 , 0 , [1. 0.]	 , NORMAL
[38.723804, -9.161392, 12, 125, -12.0, -110.0, 28, 66068] 		, 0 , 0 , [1. 0.]	 , NORMAL
[38.723804, -9.161392, 12, 125, -11.8, -112.0, 28, 4004] 		, 0 , 0 , [1. 0.]	 , NORMAL
[38.723804, -9.161392, 12, 125, -14.5, -115.0, 28, 4004] 		, 0 , 0 , [1. 0.]	 , NORMAL
[38.723804, -9.161392, 12, 125, -13.5, -115.0, 28, 59061] 		, 0 , 0 , [1. 0.]	 , NORMAL
[38.723804, -9.161392, 12, 125, -11.5, -117.0, 28, 4004] 		, 0 , 0 , [1. 0.]	 , NORMAL
[38.723804, -9.161392, 12, 125, -12.0, -118.0, 28, 59062] 		, 0 , 0 , [1. 0.]	 , NORMAL
[38.723804, -9.161392, 12, 125, -11.8, -108.0, 28, 5005] 		, 0 , 0 , [1. 0.]	 , NORMAL
[38.723804, -9.161392, 12, 125, -13.5, -115.0, 28, 5005] 		, 0 , 0 , [1. 0.]	 , NORMAL
[38.723804, -9.161392, 12, 125, -12.5, -117.0, 28, 3924] 		, 0 , 0 , [1. 0.]	 , NORMAL
[38.723804, -9.161392, 12, 125, -11.8, -113.0, 28, 3964] 		, 0 , 0 , [1. 0.]	 , NORMAL
[38.723804, -9.161392, 12, 125, -10.8, -115.0, 28, 61144] 		, 0 , 0 , [1. 0.]	 , NORMAL
[38.723804, -9.161392, 12, 125, -10.8, -119.0, 28, 4004] 		, 0 , 0 , [1. 0.]	 , NORMAL
[38.723804, -9.161392, 12, 125, -13.2, -118.0, 28, 65067] 		, 0 , 0 , [1. 0.]	 , NORMAL
[38.723804, -9.161392, 12, 125, -15.5, -115.0, 28, 131136] 		, 0 , 0 , [1. 0.]	 , NORMAL
[38.723804, -9.161392, 12, 125, -11.0, -115.0, 28, 4985] 		, 0 , 0 , [1. 0.]	 , NORMAL
[38.723804, -9.161392, 12, 125, -14.8, -112.0, 28, 5065] 		, 0 , 0 , [1. 0.]	 , NORMAL
[38.723804, -9.161392, 12, 125, -12.2, -119.0, 28, 5005] 		, 0 , 0 , [1. 0.]	 , NORMAL
[38.723804, -9.161392, 12, 125, -12.2, -109.0, 28, 4985] 		, 0 , 0 , [1. 0.]	 , NORMAL
[38.723804, -9.161392, 12, 125, -12.5, -116.0, 28, 59062] 		, 0 , 0 , [1. 0.]	 , NORMAL
[38.723804, -9.161392, 12, 125, -13.0, -118.0, 28, 4004] 		, 0 , 0 , [1. 0.]	 , NORMAL
[38.723804, -9.161392, 12, 125, -11.5, -116.0, 28, 5086] 		, 0 , 0 , [1. 0.]	 , NORMAL
[38.723804, -9.161392, 12, 125, -10.8, -118.0, 28, 5005] 		, 0 , 0 , [1. 0.]	 , NORMAL
[38.723804, -9.161392, 12, 125, -14.0, -115.0, 28, 57980] 		, 0 , 0 , [1. 0.]	 , NORMAL
[38.723804, -9.161392, 12, 125, -12.0, -117.0, 28, 8029] 		, 0 , 0 , [1. 0.]	 , NORMAL
[38.723804, -9.161392, 12, 125, -10.8, -113.0, 28, 4004] 		, 0 , 0 , [1. 0.]	 , NORMAL
[38.723804, -9.161392, 12, 125, -11.8, -117.0, 28, 4985] 		, 0 , 0 , [1. 0.]	 , NORMAL
[38.723804, -9.161392, 12, 125, -14.8, -114.0, 28, 124069] 		, 0 , 0 , [1. 0.]	 , NORMAL
[38.723804, -9.161392, 12, 125, -10.5, -118.0, 28, 5005] 		, 0 , 0 , [1. 0.]	 , NORMAL
[38.723804, -9.161392, 12, 125, -11.2, -117.0, 28, 4004] 		, 0 , 0 , [1. 0.]	 , NORMAL
[38.723804, -9.161392, 12, 125, -14.0, -115.0, 28, 8949] 		, 0 , 0 , [1. 0.]	 , NORMAL
[38.723804, -9.161392, 12, 125, -10.8, -118.0, 28, 4004] 		, 0 , 0 , [1. 0.]	 , NORMAL
[38.723804, -9.161392, 12, 125, -13.2, -115.0, 28, 3984] 		, 0 , 0 , [1. 0.]	 , NORMAL
[38.723804, -9.161392, 12, 125, -14.0, -116.0, 28, 58140] 		, 0 , 0 , [1. 0.]	 , NORMAL
[38.723804, -9.161392, 12, 125, -14.5, -115.0, 28, 55057] 		, 0 , 0 , [1. 0.]	 , NORMAL
[38.723804, -9.161392, 12, 125, -15.5, -117.0, 28, 4004] 		, 0 , 0 , [1. 0.]	 , NORMAL
[38.723804, -9.161392, 12, 125, -12.2, -118.0, 28, 54076] 		, 0 , 0 , [1. 0.]	 , NORMAL
[38.723804, -9.161392, 12, 125, -15.0, -116.0, 28, 52074] 		, 0 , 0 , [1. 0.]	 , NORMAL
[38.723804, -9.161392, 12, 125, -11.5, -115.0, 28, 53977] 		, 0 , 0 , [1. 0.]	 , NORMAL
[38.723804, -9.161392, 12, 125, -11.2, -116.0, 28, 4004] 		, 0 , 0 , [1. 0.]	 , NORMAL
[38.723804, -9.161392, 12, 125, -16.2, -112.0, 28, 64066] 		, 0 , 0 , [1. 0.]	 , NORMAL
[38.723804, -9.161392, 12, 125, -17.2, -111.0, 28, 10010] 		, 0 , 0 , [1. 0.]	 , NORMAL
[38.723804, -9.161392, 12, 125, -12.8, -115.0, 28, 54056] 		, 0 , 0 , [1. 0.]	 , NORMAL
[38.723804, -9.161392, 12, 125, -13.0, -116.0, 28, 62125] 		, 0 , 0 , [1. 0.]	 , NORMAL
[38.723804, -9.161392, 12, 125, -12.0, -117.0, 28, 3944] 		, 0 , 0 , [1. 0.]	 , NORMAL
[38.723804, -9.161392, 12, 125, -11.8, -121.0, 28, 4004] 		, 0 , 0 , [1. 0.]	 , NORMAL
[38.723804, -9.161392, 12, 125, -11.2, -116.0, 28, 5006] 		, 0 , 0 , [1. 0.]	 , NORMAL
[38.723804, -9.161392, 12, 125, -11.2, -119.0, 28, 4004] 		, 0 , 0 , [1. 0.]	 , NORMAL
[38.723804, -9.161392, 12, 125, -14.8, -110.0, 28, 10091] 		, 0 , 0 , [1. 0.]	 , NORMAL
[38.723804, -9.161392, 12, 125, -15.0, -113.0, 28, 4004] 		, 0 , 0 , [1. 0.]	 , NORMAL
[38.723804, -9.161392, 12, 125, -11.5, -117.0, 28, 66089] 		, 0 , 0 , [1. 0.]	 , NORMAL
[38.723804, -9.161392, 12, 125, -11.5, -118.0, 28, 4004] 		, 0 , 0 , [1. 0.]	 , NORMAL
[38.723804, -9.161392, 12, 125, -12.0, -116.0, 28, 58060] 		, 0 , 0 , [1. 0.]	 , NORMAL
[38.723804, -9.161392, 12, 125, -12.5, -118.0, 28, 4004] 		, 0 , 0 , [1. 0.]	 , NORMAL
[38.723804, -9.161392, 12, 125, -12.8, -117.0, 28, 54056] 		, 0 , 0 , [1. 0.]	 , NORMAL
[38.723804, -9.161392, 12, 125, -13.0, -98.0, 28, 4004] 		, 0 , 0 , [1. 0.]	 , NORMAL
[38.723804, -9.161392, 12, 125, -12.5, -117.0, 28, 5005] 		, 0 , 0 , [1. 0.]	 , NORMAL
[38.723804, -9.161392, 12, 125, -11.8, -112.0, 28, 5005] 		, 0 , 0 , [1. 0.]	 , NORMAL
[38.723804, -9.161392, 12, 125, -16.2, -102.0, 28, 5005] 		, 0 , 0 , [1. 0.]	 , NORMAL
[38.723804, -9.161392, 12, 125, -14.0, -115.0, 28, 55057] 		, 0 , 0 , [1. 0.]	 , NORMAL
[38.723804, -9.161392, 12, 125, -14.8, -117.0, 28, 5005] 		, 0 , 0 , [1. 0.]	 , NORMAL
[38.723804, -9.161392, 12, 125, -10.2, -119.0, 28, 58060] 		, 0 , 0 , [1. 0.]	 , NORMAL
[38.723804, -9.161392, 12, 125, -14.2, -116.0, 28, 58081] 		, 0 , 0 , [1. 0.]	 , NORMAL
[38.723804, -9.161392, 12, 125, -12.0, -117.0, 28, 4004] 		, 0 , 0 , [1. 0.]	 , NORMAL
[38.723804, -9.161392, 12, 125, -10.8, -118.0, 28, 4005] 		, 0 , 0 , [1. 0.]	 , NORMAL
[38.723804, -9.161392, 12, 125, -14.2, -118.0, 28, 4004] 		, 0 , 0 , [1. 0.]	 , NORMAL
[38.723804, -9.161392, 12, 125, -13.0, -118.0, 28, 62065] 		, 0 , 0 , [1. 0.]	 , NORMAL
[38.723804, -9.161392, 12, 125, -14.5, -115.0, 28, 3984] 		, 0 , 0 , [1. 0.]	 , NORMAL
[38.723804, -9.161392, 12, 125, -11.5, -116.0, 28, 4985] 		, 0 , 0 , [1. 0.]	 , NORMAL
[38.723804, -9.161392, 12, 125, -11.5, -114.0, 28, 4004] 		, 0 , 0 , [1. 0.]	 , NORMAL
[38.723804, -9.161392, 12, 125, -11.5, -116.0, 28, 64046] 		, 0 , 0 , [1. 0.]	 , NORMAL
[38.723804, -9.161392, 12, 125, -11.0, -118.0, 28, 5005] 		, 0 , 0 , [1. 0.]	 , NORMAL
[38.723804, -9.161392, 12, 125, -13.8, -117.0, 28, 8008] 		, 0 , 0 , [1. 0.]	 , NORMAL
[38.723804, -9.161392, 12, 125, -12.0, -116.0, 28, 4965] 		, 0 , 0 , [1. 0.]	 , NORMAL
[38.723804, -9.161392, 12, 125, -13.0, -119.0, 28, 64067] 		, 0 , 0 , [1. 0.]	 , NORMAL
[38.723804, -9.161392, 12, 125, -11.8, -118.0, 28, 61003] 		, 0 , 0 , [1. 0.]	 , NORMAL
[38.723804, -9.161392, 12, 125, -11.2, -119.0, 28, 64047] 		, 0 , 0 , [1. 0.]	 , NORMAL
[38.723804, -9.161392, 12, 125, -11.2, -113.0, 28, 4004] 		, 0 , 0 , [1. 0.]	 , NORMAL
[38.723804, -9.161392, 12, 125, -16.5, -115.0, 28, 7968] 		, 0 , 0 , [1. 0.]	 , NORMAL
[38.723804, -9.161392, 12, 125, -10.8, -117.0, 28, 58061] 		, 0 , 0 , [1. 0.]	 , NORMAL
[38.723804, -9.161392, 12, 125, -10.5, -117.0, 28, 4004] 		, 0 , 0 , [1. 0.]	 , NORMAL
[38.723804, -9.161392, 12, 125, -12.8, -117.0, 28, 5005] 		, 0 , 0 , [1. 0.]	 , NORMAL
[38.723804, -9.161392, 12, 125, -10.0, -118.0, 28, 5006] 		, 0 , 0 , [1. 0.]	 , NORMAL
[38.723804, -9.161392, 12, 125, -10.8, -118.0, 28, 4004] 		, 0 , 0 , [1. 0.]	 , NORMAL
[38.723804, -9.161392, 12, 125, -10.0, -118.0, 28, 4004] 		, 0 , 0 , [1. 0.]	 , NORMAL
[38.723804, -9.161392, 12, 125, -10.8, -117.0, 28, 49289] 		, 1 , 0 , [1. 0.]	 , NORMAL
[38.723804, -9.161392, 12, 125, -14.5, -115.0, 28, 60983] 		, 0 , 0 , [1. 0.]	 , NORMAL
[38.723804, -9.161392, 12, 125, -11.2, -117.0, 28, 57119] 		, 0 , 0 , [1. 0.]	 , NORMAL
[38.723804, -9.161392, 12, 125, -13.5, -116.0, 28, 113038] 		, 0 , 0 , [1. 0.]	 , NORMAL
[38.723804, -9.161392, 12, 125, -11.5, -117.0, 28, 60123] 		, 0 , 0 , [1. 0.]	 , NORMAL
[38.723804, -9.161392, 12, 125, -10.5, -117.0, 28, 4004] 		, 0 , 0 , [1. 0.]	 , NORMAL
[38.723804, -9.161392, 12, 125, -11.2, -117.0, 28, 4004] 		, 0 , 0 , [1. 0.]	 , NORMAL
[38.723804, -9.161392, 12, 125, -10.5, -117.0, 28, 4004] 		, 0 , 0 , [1. 0.]	 , NORMAL
[38.723804, -9.161392, 12, 125, -13.8, -117.0, 28, 5005] 		, 0 , 0 , [1. 0.]	 , NORMAL
[38.723804, -9.161392, 12, 125, -15.0, -117.0, 28, 70153] 		, 0 , 0 , [1. 0.]	 , NORMAL
[38.723804, -9.161392, 12, 125, -12.5, -118.0, 28, 61985] 		, 0 , 0 , [1. 0.]	 , NORMAL
[38.723804, -9.161392, 12, 125, -13.0, -119.0, 28, 205213] 		, 0 , 0 , [1. 0.]	 , NORMAL
[38.723804, -9.161392, 12, 125, -14.0, -112.0, 28, 9009] 		, 0 , 0 , [1. 0.]	 , NORMAL
[38.723804, -9.161392, 12, 125, -10.0, -117.0, 28, 4005] 		, 0 , 0 , [1. 0.]	 , NORMAL
[38.723804, -9.161392, 12, 125, -10.2, -118.0, 28, 9990] 		, 0 , 0 , [1. 0.]	 , NORMAL
[38.723804, -9.161392, 12, 125, -11.8, -116.0, 28, 57980] 		, 0 , 0 , [1. 0.]	 , NORMAL
[38.723804, -9.161392, 12, 125, -11.2, -117.0, 28, 4004] 		, 0 , 0 , [1. 0.]	 , NORMAL
[38.723804, -9.161392, 12, 125, -11.2, -116.0, 28, 5085] 		, 0 , 0 , [1. 0.]	 , NORMAL
[38.723804, -9.161392, 12, 125, -11.2, -115.0, 28, 61043] 		, 0 , 0 , [1. 0.]	 , NORMAL
[38.723804, -9.161392, 12, 125, -11.2, -117.0, 28, 9009] 		, 0 , 0 , [1. 0.]	 , NORMAL
[38.723804, -9.161392, 12, 125, -12.2, -118.0, 28, 63066] 		, 0 , 0 , [1. 0.]	 , NORMAL
[38.723804, -9.161392, 12, 125, -11.8, -115.0, 28, 60063] 		, 0 , 0 , [1. 0.]	 , NORMAL
[38.723804, -9.161392, 12, 125, -11.8, -118.0, 28, 51994] 		, 0 , 0 , [1. 0.]	 , NORMAL
[38.723804, -9.161392, 12, 125, -12.8, -118.0, 28, 62145] 		, 0 , 0 , [1. 0.]	 , NORMAL
[38.723804, -9.161392, 12, 125, -12.0, -116.0, 28, 121126] 		, 0 , 0 , [1. 0.]	 , NORMAL
[38.723804, -9.161392, 12, 125, -16.2, -118.0, 28, 4004] 		, 0 , 0 , [1. 0.]	 , NORMAL
[38.723804, -9.161392, 12, 125, -10.8, -119.0, 28, 4004] 		, 0 , 0 , [1. 0.]	 , NORMAL
[38.723804, -9.161392, 12, 125, -15.0, -117.0, 28, 63065] 		, 0 , 0 , [1. 0.]	 , NORMAL
[38.723804, -9.161392, 12, 125, -10.0, -117.0, 28, 73056] 		, 0 , 0 , [1. 0.]	 , NORMAL
[38.723804, -9.161392, 12, 125, -13.8, -115.0, 28, 61084] 		, 0 , 0 , [1. 0.]	 , NORMAL
[38.723804, -9.161392, 12, 125, -15.0, -113.0, 28, 126131] 		, 0 , 0 , [1. 0.]	 , NORMAL
[38.723804, -9.161392, 12, 125, -10.5, -117.0, 28, 4004] 		, 0 , 0 , [1. 0.]	 , NORMAL
[38.723804, -9.161392, 12, 125, -12.0, -117.0, 28, 4024] 		, 0 , 0 , [1. 0.]	 , NORMAL
[38.723804, -9.161392, 12, 125, -14.5, -117.0, 28, 5005] 		, 0 , 0 , [1. 0.]	 , NORMAL
[38.723804, -9.161392, 12, 125, -13.5, -117.0, 28, 8990] 		, 0 , 0 , [1. 0.]	 , NORMAL
[38.723804, -9.161392, 12, 125, -13.2, -117.0, 28, 4004] 		, 0 , 0 , [1. 0.]	 , NORMAL
[38.723804, -9.161392, 12, 125, -14.0, -117.0, 28, 58060] 		, 0 , 0 , [1. 0.]	 , NORMAL
[38.723804, -9.161392, 12, 125, -16.0, -117.0, 28, 4025] 		, 0 , 0 , [1. 0.]	 , NORMAL
[38.723804, -9.161392, 12, 125, -10.5, -118.0, 28, 4004] 		, 0 , 0 , [1. 0.]	 , NORMAL
[38.723804, -9.161392, 12, 125, -17.0, -111.0, 28, 4005] 		, 0 , 0 , [1. 0.]	 , NORMAL
[38.723804, -9.161392, 12, 125, -16.2, -113.0, 28, 54036] 		, 0 , 0 , [1. 0.]	 , NORMAL
[38.723804, -9.161392, 12, 125, -11.2, -117.0, 28, 62064] 		, 0 , 0 , [1. 0.]	 , NORMAL
[38.723804, -9.161392, 12, 125, -11.0, -118.0, 28, 4064] 		, 0 , 0 , [1. 0.]	 , NORMAL
[38.723804, -9.161392, 12, 125, -15.5, -113.0, 28, 4004] 		, 0 , 0 , [1. 0.]	 , NORMAL
[38.723804, -9.161392, 12, 125, -10.2, -112.0, 28, 68090] 		, 0 , 0 , [1. 0.]	 , NORMAL
[38.723804, -9.161392, 12, 125, -11.8, -118.0, 28, 63987] 		, 0 , 0 , [1. 0.]	 , NORMAL
[38.723804, -9.161392, 12, 125, -11.8, -117.0, 28, 5005] 		, 0 , 0 , [1. 0.]	 , NORMAL
[38.723804, -9.161392, 12, 125, -10.5, -115.0, 28, 61063] 		, 0 , 0 , [1. 0.]	 , NORMAL
[38.723804, -9.161392, 12, 125, -13.2, -117.0, 28, 4004] 		, 0 , 0 , [1. 0.]	 , NORMAL
[38.723804, -9.161392, 12, 125, -11.8, -117.0, 28, 56058] 		, 0 , 0 , [1. 0.]	 , NORMAL
[38.723804, -9.161392, 12, 125, -14.2, -116.0, 28, 4064] 		, 0 , 0 , [1. 0.]	 , NORMAL
[38.723804, -9.161392, 12, 125, -14.0, -119.0, 28, 5005] 		, 0 , 0 , [1. 0.]	 , NORMAL
[38.723804, -9.161392, 12, 125, -11.5, -117.0, 28, 8009] 		, 0 , 0 , [1. 0.]	 , NORMAL
[38.723804, -9.161392, 12, 125, -12.2, -117.0, 28, 69092] 		, 0 , 0 , [1. 0.]	 , NORMAL
[38.723804, -9.161392, 12, 125, -12.5, -115.0, 28, 3984] 		, 0 , 0 , [1. 0.]	 , NORMAL
[38.723804, -9.161392, 12, 125, -12.5, -118.0, 28, 55037] 		, 0 , 0 , [1. 0.]	 , NORMAL
[38.723804, -9.161392, 12, 125, -10.8, -117.0, 28, 5005] 		, 0 , 0 , [1. 0.]	 , NORMAL
[38.723804, -9.161392, 12, 125, -10.8, -115.0, 28, 3964] 		, 0 , 0 , [1. 0.]	 , NORMAL
[38.723804, -9.161392, 12, 125, -12.0, -118.0, 28, 67069] 		, 0 , 0 , [1. 0.]	 , NORMAL
[38.723804, -9.161392, 12, 125, -10.8, -114.0, 28, 4064] 		, 0 , 0 , [1. 0.]	 , NORMAL
[38.723804, -9.161392, 12, 125, -11.5, -117.0, 28, 61063] 		, 0 , 0 , [1. 0.]	 , NORMAL
[38.723804, -9.161392, 12, 125, -10.8, -117.0, 28, 58060] 		, 0 , 0 , [1. 0.]	 , NORMAL
[38.723804, -9.161392, 12, 125, -11.8, -118.0, 28, 5005] 		, 0 , 0 , [1. 0.]	 , NORMAL
[38.723804, -9.161392, 12, 125, -10.0, -115.0, 28, 9010] 		, 0 , 0 , [1. 0.]	 , NORMAL
[38.723804, -9.161392, 12, 125, -13.2, -117.0, 28, 4925] 		, 0 , 0 , [1. 0.]	 , NORMAL
[38.723804, -9.161392, 12, 125, -13.0, -118.0, 28, 59062] 		, 0 , 0 , [1. 0.]	 , NORMAL
[38.723804, -9.161392, 12, 125, -12.8, -115.0, 28, 57079] 		, 0 , 0 , [1. 0.]	 , NORMAL
[38.723804, -9.161392, 12, 125, -11.2, -116.0, 28, 4004] 		, 0 , 0 , [1. 0.]	 , NORMAL
[38.723804, -9.161392, 12, 125, -12.5, -117.0, 28, 4004] 		, 0 , 0 , [1. 0.]	 , NORMAL
[38.723804, -9.161392, 12, 125, -10.8, -117.0, 28, 52054] 		, 0 , 0 , [1. 0.]	 , NORMAL
[38.723804, -9.161392, 12, 125, -10.5, -117.0, 28, 9090] 		, 0 , 0 , [1. 0.]	 , NORMAL
[38.723804, -9.161392, 12, 125, -12.0, -116.0, 28, 63065] 		, 0 , 0 , [1. 0.]	 , NORMAL
[38.723804, -9.161392, 12, 125, -10.2, -118.0, 28, 60062] 		, 0 , 0 , [1. 0.]	 , NORMAL
[38.723804, -9.161392, 12, 125, -12.5, -117.0, 28, 3985] 		, 0 , 0 , [1. 0.]	 , NORMAL
[38.723804, -9.161392, 12, 125, -12.2, -118.0, 28, 123108] 		, 0 , 0 , [1. 0.]	 , NORMAL
[38.723804, -9.161392, 12, 125, -11.0, -115.0, 28, 3964] 		, 0 , 0 , [1. 0.]	 , NORMAL
[38.723804, -9.161392, 12, 125, -13.5, -116.0, 28, 130155] 		, 0 , 0 , [1. 0.]	 , NORMAL
[38.723804, -9.161392, 12, 125, -10.2, -118.0, 28, 4004] 		, 0 , 0 , [1. 0.]	 , NORMAL
[38.723804, -9.161392, 12, 125, -12.0, -118.0, 28, 57059] 		, 0 , 0 , [1. 0.]	 , NORMAL
[38.723804, -9.161392, 12, 125, -12.5, -118.0, 28, 4004] 		, 0 , 0 , [1. 0.]	 , NORMAL
[38.723804, -9.161392, 12, 125, -14.5, -116.0, 28, 5006] 		, 0 , 0 , [1. 0.]	 , NORMAL
[38.723804, -9.161392, 12, 125, -11.0, -118.0, 28, 8009] 		, 0 , 0 , [1. 0.]	 , NORMAL
[38.723804, -9.161392, 12, 125, -11.2, -115.0, 28, 63086] 		, 0 , 0 , [1. 0.]	 , NORMAL
[38.723804, -9.161392, 12, 125, -12.2, -118.0, 28, 5005] 		, 0 , 0 , [1. 0.]	 , NORMAL
[38.723804, -9.161392, 12, 125, -11.0, -115.0, 28, 66068] 		, 0 , 0 , [1. 0.]	 , NORMAL
[38.723804, -9.161392, 12, 125, -12.0, -131.0, 28, 8008] 		, 1 , 1 , [0.2 0.8]	 , INTRUSION
[38.723804, -9.161392, 12, 125, -13.0, -117.0, 28, 65068] 		, 0 , 0 , [1. 0.]	 , NORMAL
[38.723804, -9.161392, 12, 125, -9.8, -117.0, 28, 4004] 		, 0 , 0 , [1. 0.]	 , NORMAL
[38.723804, -9.161392, 12, 125, -11.8, -109.0, 28, 59021] 		, 0 , 0 , [1. 0.]	 , NORMAL
[38.723804, -9.161392, 12, 125, -12.0, -117.0, 28, 57060] 		, 0 , 0 , [1. 0.]	 , NORMAL
[38.723804, -9.161392, 12, 125, -11.8, -116.0, 28, 57060] 		, 0 , 0 , [1. 0.]	 , NORMAL
[38.723804, -9.161392, 12, 125, -11.2, -118.0, 28, 4004] 		, 0 , 0 , [1. 0.]	 , NORMAL
[38.723804, -9.161392, 12, 125, -10.5, -115.0, 28, 57120] 		, 0 , 0 , [1. 0.]	 , NORMAL
[38.723804, -9.161392, 12, 125, -12.2, -117.0, 28, 122128] 		, 0 , 0 , [1. 0.]	 , NORMAL
[38.723804, -9.161392, 12, 125, -12.8, -109.0, 28, 5005] 		, 0 , 0 , [1. 0.]	 , NORMAL
[38.723804, -9.161392, 12, 125, -12.5, -118.0, 28, 4004] 		, 0 , 0 , [1. 0.]	 , NORMAL
[38.723804, -9.161392, 12, 125, -13.2, -116.0, 28, 4005] 		, 0 , 0 , [1. 0.]	 , NORMAL
[38.723804, -9.161392, 12, 125, -11.8, -116.0, 28, 54057] 		, 0 , 0 , [0.6 0.4]	 , DUVIDAS
[38.723804, -9.161392, 12, 125, -11.2, -116.0, 28, 4004] 		, 0 , 0 , [1. 0.]	 , NORMAL
[38.723804, -9.161392, 12, 125, -11.0, -116.0, 28, 4004] 		, 0 , 0 , [1. 0.]	 , NORMAL
[38.723804, -9.161392, 12, 125, -11.5, -118.0, 28, 3984] 		, 0 , 0 , [1. 0.]	 , NORMAL
[38.723804, -9.161392, 12, 125, -13.2, -116.0, 28, 69072] 		, 0 , 0 , [1. 0.]	 , NORMAL
[38.723804, -9.161392, 12, 125, -14.8, -113.0, 28, 53075] 		, 0 , 0 , [1. 0.]	 , NORMAL
[38.723804, -9.161392, 12, 125, -14.5, -102.0, 28, 3965] 		, 0 , 0 , [1. 0.]	 , NORMAL
[38.723804, -9.161392, 12, 125, -11.8, -116.0, 28, 68070] 		, 0 , 0 , [1. 0.]	 , NORMAL
[38.723804, -9.161392, 12, 125, -11.0, -116.0, 28, 4004] 		, 0 , 0 , [1. 0.]	 , NORMAL
[38.723804, -9.161392, 12, 125, -12.0, -116.0, 28, 4005] 		, 0 , 0 , [1. 0.]	 , NORMAL
[38.723804, -9.161392, 12, 125, -10.8, -105.0, 28, 5005] 		, 0 , 0 , [1. 0.]	 , NORMAL
[38.723804, -9.161392, 12, 125, -11.0, -118.0, 28, 4084] 		, 0 , 0 , [1. 0.]	 , NORMAL
[38.723804, -9.161392, 12, 125, -12.0, -118.0, 28, 62065] 		, 0 , 0 , [1. 0.]	 , NORMAL
[38.723804, -9.161392, 12, 125, -11.8, -115.0, 28, 56079] 		, 0 , 0 , [1. 0.]	 , NORMAL
[38.723804, -9.161392, 12, 125, -11.8, -117.0, 28, 4005] 		, 0 , 0 , [1. 0.]	 , NORMAL
[38.723804, -9.161392, 12, 125, -10.0, -117.0, 28, 65068] 		, 0 , 0 , [1. 0.]	 , NORMAL
[38.723804, -9.161392, 12, 125, -13.8, -117.0, 28, 61064] 		, 0 , 0 , [1. 0.]	 , NORMAL
[38.723804, -9.161392, 12, 125, -12.0, -117.0, 28, 65068] 		, 0 , 0 , [1. 0.]	 , NORMAL
[38.723804, -9.161392, 12, 125, -12.8, -112.0, 28, 65067] 		, 0 , 0 , [1. 0.]	 , NORMAL
[38.723804, -9.161392, 12, 125, -12.5, -116.0, 28, 4925] 		, 0 , 0 , [1. 0.]	 , NORMAL
[38.723804, -9.161392, 12, 125, -13.2, -117.0, 28, 3944] 		, 0 , 0 , [1. 0.]	 , NORMAL
[38.723804, -9.161392, 12, 125, -15.0, -117.0, 28, 5005] 		, 0 , 0 , [1. 0.]	 , NORMAL
[38.723804, -9.161392, 12, 125, -10.0, -118.0, 28, 69072] 		, 0 , 0 , [1. 0.]	 , NORMAL
[38.723804, -9.161392, 12, 125, -12.5, -117.0, 28, 58121] 		, 0 , 0 , [1. 0.]	 , NORMAL
[38.723804, -9.161392, 12, 125, -11.5, -116.0, 28, 8008] 		, 0 , 0 , [1. 0.]	 , NORMAL
[38.723804, -9.161392, 12, 125, -11.5, -116.0, 28, 67069] 		, 0 , 0 , [1. 0.]	 , NORMAL
[38.723804, -9.161392, 12, 125, -12.8, -114.0, 28, 57059] 		, 0 , 0 , [1. 0.]	 , NORMAL
[38.723804, -9.161392, 12, 125, -14.5, -118.0, 28, 4084] 		, 0 , 0 , [1. 0.]	 , NORMAL
[38.723804, -9.161392, 12, 125, -11.5, -115.0, 28, 4004] 		, 0 , 0 , [1. 0.]	 , NORMAL
[38.723804, -9.161392, 12, 125, -12.0, -117.0, 28, 63086] 		, 0 , 0 , [1. 0.]	 , NORMAL
[38.723804, -9.161392, 12, 125, -11.8, -116.0, 28, 4985] 		, 0 , 0 , [1. 0.]	 , NORMAL
[38.723804, -9.161392, 12, 125, -10.8, -118.0, 28, 4005] 		, 0 , 0 , [1. 0.]	 , NORMAL
[38.723804, -9.161392, 12, 125, -13.8, -119.0, 28, 4004] 		, 0 , 0 , [1. 0.]	 , NORMAL
[38.723804, -9.161392, 12, 125, -13.0, -116.0, 28, 5085] 		, 0 , 0 , [1. 0.]	 , NORMAL
[38.723804, -9.161392, 12, 125, -14.8, -121.0, 28, 57060] 		, 0 , 0 , [1. 0.]	 , NORMAL
[38.723804, -9.161392, 12, 125, -10.8, -118.0, 28, 57059] 		, 0 , 0 , [1. 0.]	 , NORMAL
[38.723804, -9.161392, 12, 125, -12.0, -118.0, 28, 56058] 		, 0 , 0 , [1. 0.]	 , NORMAL
[38.723804, -9.161392, 12, 125, -12.2, -118.0, 28, 9009] 		, 0 , 0 , [1. 0.]	 , NORMAL
[38.723804, -9.161392, 12, 125, -16.0, -114.0, 28, 4004] 		, 0 , 0 , [1. 0.]	 , NORMAL
[38.723804, -9.161392, 12, 125, -13.0, -117.0, 28, 4004] 		, 0 , 0 , [1. 0.]	 , NORMAL
[38.723804, -9.161392, 12, 125, -12.8, -114.0, 28, 4005] 		, 0 , 0 , [1. 0.]	 , NORMAL
[38.723804, -9.161392, 12, 125, -12.8, -116.0, 28, 5006] 		, 0 , 0 , [1. 0.]	 , NORMAL
[38.723804, -9.161392, 12, 125, -11.2, -118.0, 28, 115040] 		, 0 , 0 , [1. 0.]	 , NORMAL
[38.723804, -9.161392, 12, 125, -13.2, -117.0, 28, 8008] 		, 0 , 0 , [1. 0.]	 , NORMAL
[38.723804, -9.161392, 12, 125, -12.0, -115.0, 28, 62064] 		, 0 , 0 , [1. 0.]	 , NORMAL
[38.723804, -9.161392, 12, 125, -12.8, -116.0, 28, 59162] 		, 0 , 0 , [1. 0.]	 , NORMAL
[38.723804, -9.161392, 12, 500, -13.8, -115.0, 28, 5006] 		, 1 , 1 , [0.2 0.8]	 , INTRUSION
[38.723804, -9.161392, 12, 125, -15.2, -113.0, 28, 59061] 		, 0 , 0 , [1. 0.]	 , NORMAL
[38.723804, -9.161392, 12, 125, -14.0, -117.0, 28, 61064] 		, 0 , 0 , [1. 0.]	 , NORMAL
[38.723804, -9.161392, 12, 125, -14.2, -117.0, 28, 59062] 		, 0 , 0 , [0.8 0.2]	 , DUVIDAS
[38.723804, -9.161392, 12, 125, -11.2, -118.0, 28, 57060] 		, 0 , 0 , [1. 0.]	 , NORMAL
[38.723804, -9.161392, 12, 125, -12.0, -93.0, 28, 5005] 		, 0 , 0 , [1. 0.]	 , NORMAL
[38.723804, -9.161392, 12, 125, -12.8, -117.0, 28, 4004] 		, 0 , 0 , [1. 0.]	 , NORMAL
[38.723804, -9.161392, 12, 125, -15.8, -115.0, 28, 56138] 		, 0 , 0 , [1. 0.]	 , NORMAL
[38.723804, -9.161392, 12, 125, -12.0, -117.0, 28, 5005] 		, 0 , 0 , [1. 0.]	 , NORMAL
[38.723804, -9.161392, 12, 125, -15.8, -112.0, 28, 70574] 		, 0 , 0 , [1. 0.]	 , NORMAL
[38.723804, -9.161392, 12, 125, -11.0, -117.0, 28, 53055] 		, 0 , 0 , [1. 0.]	 , NORMAL
[38.723804, -9.161392, 12, 125, -14.2, -116.0, 28, 4004] 		, 0 , 0 , [1. 0.]	 , NORMAL
[38.723804, -9.161392, 12, 125, -10.5, -115.0, 28, 62064] 		, 0 , 0 , [1. 0.]	 , NORMAL
[38.723804, -9.161392, 12, 125, -11.5, -117.0, 28, 57059] 		, 0 , 0 , [1. 0.]	 , NORMAL
[38.723804, -9.161392, 12, 125, -13.5, -116.0, 28, 53035] 		, 0 , 0 , [1. 0.]	 , NORMAL
[38.723804, -9.161392, 12, 125, -15.8, -117.0, 28, 65088] 		, 0 , 0 , [1. 0.]	 , NORMAL
[38.723804, -9.161392, 12, 125, -11.2, -116.0, 28, 5005] 		, 0 , 0 , [1. 0.]	 , NORMAL
[38.723804, -9.161392, 12, 125, -11.0, -117.0, 28, 67129] 		, 0 , 0 , [1. 0.]	 , NORMAL
[38.723804, -9.161392, 12, 125, -11.5, -118.0, 28, 9010] 		, 0 , 0 , [1. 0.]	 , NORMAL
[38.723804, -9.161392, 12, 125, -12.8, -118.0, 28, 3984] 		, 0 , 0 , [1. 0.]	 , NORMAL
[38.723804, -9.161392, 12, 125, -12.8, -115.0, 28, 59141] 		, 0 , 0 , [1. 0.]	 , NORMAL
[38.723804, -9.161392, 12, 125, -11.2, -118.0, 28, 59101] 		, 0 , 0 , [1. 0.]	 , NORMAL
[38.723804, -9.161392, 12, 125, -11.0, -118.0, 28, 61003] 		, 0 , 0 , [1. 0.]	 , NORMAL
[38.723804, -9.161392, 12, 125, -11.2, -118.0, 28, 4004] 		, 0 , 0 , [1. 0.]	 , NORMAL
[38.723804, -9.161392, 12, 125, -12.0, -118.0, 28, 4004] 		, 0 , 0 , [1. 0.]	 , NORMAL
[38.723804, -9.161392, 12, 125, -10.5, -117.0, 28, 4004] 		, 0 , 0 , [1. 0.]	 , NORMAL
[38.723804, -9.161392, 12, 125, -10.8, -116.0, 28, 57059] 		, 0 , 0 , [1. 0.]	 , NORMAL
[38.723804, -9.161392, 12, 125, -11.0, -117.0, 28, 59061] 		, 0 , 0 , [1. 0.]	 , NORMAL
[38.723804, -9.161392, 12, 125, -11.0, -116.0, 28, 3984] 		, 0 , 0 , [1. 0.]	 , NORMAL
[38.723804, -9.161392, 12, 125, -13.8, -114.0, 28, 56058] 		, 0 , 0 , [1. 0.]	 , NORMAL
[38.723804, -9.161392, 12, 125, -10.5, -117.0, 28, 10010] 		, 0 , 0 , [1. 0.]	 , NORMAL
[38.723804, -9.161392, 12, 125, -11.8, -117.0, 28, 5005] 		, 0 , 0 , [1. 0.]	 , NORMAL
[38.723804, -9.161392, 12, 125, -10.5, -116.0, 28, 63146] 		, 0 , 0 , [1. 0.]	 , NORMAL
[38.723804, -9.161392, 12, 125, -12.2, -118.0, 28, 62025] 		, 0 , 0 , [1. 0.]	 , NORMAL
[38.723804, -9.161392, 12, 125, -13.2, -115.0, 28, 8990] 		, 0 , 0 , [1. 0.]	 , NORMAL
[38.723804, -9.161392, 12, 125, -13.5, -118.0, 28, 9951] 		, 0 , 0 , [1. 0.]	 , NORMAL
[38.723804, -9.161392, 12, 125, -14.8, -117.0, 28, 4985] 		, 0 , 0 , [1. 0.]	 , NORMAL
[38.723804, -9.161392, 12, 125, -12.0, -118.0, 28, 4004] 		, 0 , 0 , [1. 0.]	 , NORMAL
[38.723804, -9.161392, 12, 125, -12.8, -119.0, 28, 4004] 		, 0 , 0 , [0.8 0.2]	 , DUVIDAS
[38.723804, -9.161392, 12, 125, -11.0, -118.0, 28, 4045] 		, 0 , 0 , [1. 0.]	 , NORMAL
[38.723804, -9.161392, 12, 125, -10.8, -118.0, 28, 54057] 		, 0 , 0 , [1. 0.]	 , NORMAL
[38.723804, -9.161392, 12, 125, -12.5, -102.0, 28, 58060] 		, 0 , 0 , [1. 0.]	 , NORMAL
[38.723804, -9.161392, 12, 125, -15.0, -116.0, 28, 57080] 		, 0 , 0 , [1. 0.]	 , NORMAL
[38.723804, -9.161392, 12, 125, -15.0, -103.0, 28, 64087] 		, 0 , 0 , [1. 0.]	 , NORMAL
[38.723804, -9.161392, 12, 125, -14.8, -115.0, 28, 4004] 		, 0 , 0 , [1. 0.]	 , NORMAL
[38.723804, -9.161392, 12, 125, -12.5, -117.0, 28, 4004] 		, 0 , 0 , [1. 0.]	 , NORMAL
[38.723804, -9.161392, 12, 125, -17.5, -118.0, 28, 4004] 		, 0 , 0 , [1. 0.]	 , NORMAL
[38.723804, -9.161392, 12, 125, -14.0, -115.0, 28, 4004] 		, 0 , 0 , [1. 0.]	 , NORMAL
[38.723804, -9.161392, 12, 125, -12.8, -116.0, 28, 4005] 		, 0 , 0 , [1. 0.]	 , NORMAL
[38.723804, -9.161392, 12, 125, -11.2, -117.0, 28, 65047] 		, 0 , 0 , [1. 0.]	 , NORMAL
[38.723804, -9.161392, 12, 125, -12.2, -115.0, 28, 3944] 		, 0 , 0 , [1. 0.]	 , NORMAL
[38.723804, -9.161392, 12, 125, -10.5, -117.0, 28, 56058] 		, 0 , 0 , [1. 0.]	 , NORMAL
[38.723804, -9.161392, 12, 125, -12.0, -118.0, 28, 5005] 		, 0 , 0 , [1. 0.]	 , NORMAL
[38.723804, -9.161392, 12, 125, -10.2, -117.0, 28, 4004] 		, 0 , 0 , [1. 0.]	 , NORMAL
[38.723804, -9.161392, 12, 125, -12.2, -117.0, 28, 60103] 		, 0 , 0 , [1. 0.]	 , NORMAL
[38.723804, -9.161392, 12, 125, -11.8, -116.0, 28, 62065] 		, 0 , 0 , [1. 0.]	 , NORMAL
[38.723804, -9.161392, 12, 125, -11.2, -116.0, 28, 57059] 		, 0 , 0 , [1. 0.]	 , NORMAL
[38.723804, -9.161392, 12, 125, -12.5, -117.0, 28, 9009] 		, 0 , 0 , [1. 0.]	 , NORMAL
[38.723804, -9.161392, 12, 125, -11.2, -118.0, 28, 60984] 		, 0 , 0 , [1. 0.]	 , NORMAL
[38.723804, -9.161392, 12, 125, -10.2, -118.0, 28, 4004] 		, 0 , 0 , [1. 0.]	 , NORMAL
[38.723804, -9.161392, 12, 125, -12.5, -116.0, 28, 4005] 		, 0 , 0 , [1. 0.]	 , NORMAL
[38.723804, -9.161392, 12, 125, -10.5, -118.0, 28, 57000] 		, 0 , 0 , [1. 0.]	 , NORMAL
[38.723804, -9.161392, 12, 125, -12.2, -118.0, 28, 4004] 		, 0 , 0 , [1. 0.]	 , NORMAL
[38.723804, -9.161392, 12, 125, -14.0, -118.0, 28, 53075] 		, 0 , 0 , [1. 0.]	 , NORMAL
[38.723804, -9.161392, 12, 125, -12.0, -118.0, 28, 62044] 		, 0 , 0 , [1. 0.]	 , NORMAL
[38.723804, -9.161392, 12, 125, -13.8, -109.0, 28, 61063] 		, 0 , 0 , [1. 0.]	 , NORMAL
[38.723804, -9.161392, 12, 125, -14.8, -117.0, 28, 8929] 		, 0 , 0 , [1. 0.]	 , NORMAL
[38.723804, -9.161392, 12, 125, -11.8, -117.0, 28, 5005] 		, 0 , 0 , [1. 0.]	 , NORMAL
[38.723804, -9.161392, 12, 125, -12.2, -115.0, 28, 4024] 		, 0 , 0 , [1. 0.]	 , NORMAL
[38.723804, -9.161392, 12, 125, -10.5, -119.0, 28, 5006] 		, 0 , 0 , [1. 0.]	 , NORMAL
[38.723804, -9.161392, 12, 125, -11.5, -115.0, 28, 51994] 		, 0 , 0 , [1. 0.]	 , NORMAL
[38.723804, -9.161392, 12, 125, -14.2, -119.0, 28, 5006] 		, 0 , 0 , [1. 0.]	 , NORMAL
[38.723804, -9.161392, 12, 125, -13.2, -118.0, 28, 121126] 		, 0 , 0 , [1. 0.]	 , NORMAL
[38.723804, -9.161392, 12, 125, -11.2, -69.0, 28, 63006] 		, 1 , 1 , [0.4 0.6]	 , INTRUSION
[38.723804, -9.161392, 12, 125, -12.5, -118.0, 28, 5006] 		, 0 , 0 , [1. 0.]	 , NORMAL
[38.723804, -9.161392, 12, 125, -14.8, -115.0, 28, 60063] 		, 0 , 0 , [1. 0.]	 , NORMAL
[38.723804, -9.161392, 12, 125, -11.8, -111.0, 28, 4004] 		, 0 , 0 , [1. 0.]	 , NORMAL
[38.723804, -9.161392, 12, 125, -12.2, -119.0, 28, 61064] 		, 0 , 0 , [1. 0.]	 , NORMAL
[38.723804, -9.161392, 12, 125, -13.8, -117.0, 28, 4005] 		, 0 , 0 , [1. 0.]	 , NORMAL
[38.723804, -9.161392, 12, 125, -11.5, -119.0, 28, 4024] 		, 0 , 0 , [1. 0.]	 , NORMAL
[38.723804, -9.161392, 12, 125, -12.0, -117.0, 28, 5006] 		, 0 , 0 , [1. 0.]	 , NORMAL
[38.723804, -9.161392, 12, 125, -14.0, -111.0, 28, 60043] 		, 0 , 0 , [1. 0.]	 , NORMAL
[38.723804, -9.161392, 12, 125, -11.2, -116.0, 28, 3924] 		, 0 , 0 , [1. 0.]	 , NORMAL
[38.723804, -9.161392, 12, 125, -11.5, -117.0, 28, 61063] 		, 0 , 0 , [1. 0.]	 , NORMAL
[38.723804, -9.161392, 12, 125, -13.2, -112.0, 28, 3984] 		, 0 , 0 , [1. 0.]	 , NORMAL
[38.723804, -9.161392, 12, 125, -13.2, -118.0, 28, 4004] 		, 0 , 0 , [1. 0.]	 , NORMAL
[38.723804, -9.161392, 12, 125, -11.5, -116.0, 28, 5046] 		, 0 , 0 , [1. 0.]	 , NORMAL
[38.723804, -9.161392, 12, 125, -15.0, -113.0, 28, 68091] 		, 0 , 0 , [1. 0.]	 , NORMAL
[38.723804, -9.161392, 12, 125, -10.8, -116.0, 28, 4004] 		, 0 , 0 , [1. 0.]	 , NORMAL
[38.723804, -9.161392, 12, 125, -12.2, -112.0, 28, 4004] 		, 0 , 0 , [1. 0.]	 , NORMAL
[38.723804, -9.161392, 12, 125, -11.5, -117.0, 28, 8008] 		, 0 , 0 , [1. 0.]	 , NORMAL
[38.723804, -9.161392, 12, 125, -11.2, -116.0, 28, 4005] 		, 0 , 0 , [1. 0.]	 , NORMAL
[38.723804, -9.161392, 12, 125, -12.0, -117.0, 28, 4004] 		, 0 , 0 , [1. 0.]	 , NORMAL
[38.723804, -9.161392, 12, 125, -10.8, -118.0, 28, 59061] 		, 0 , 0 , [1. 0.]	 , NORMAL
[38.723804, -9.161392, 12, 125, -11.8, -117.0, 28, 62065] 		, 0 , 0 , [1. 0.]	 , NORMAL
[38.723804, -9.161392, 12, 125, -12.2, -116.0, 28, 60062] 		, 0 , 0 , [1. 0.]	 , NORMAL
[38.723804, -9.161392, 12, 125, -15.8, -115.0, 28, 4084] 		, 0 , 0 , [1. 0.]	 , NORMAL
[38.723804, -9.161392, 12, 125, -13.0, -119.0, 28, 65107] 		, 0 , 0 , [1. 0.]	 , NORMAL
[38.723804, -9.161392, 12, 125, -9.8, -117.0, 28, 4004] 		, 0 , 0 , [1. 0.]	 , NORMAL
[38.723804, -9.161392, 12, 125, -11.0, -118.0, 28, 57060] 		, 0 , 0 , [1. 0.]	 , NORMAL
[38.723804, -9.161392, 12, 125, -12.2, -118.0, 28, 57059] 		, 0 , 0 , [1. 0.]	 , NORMAL
[38.723804, -9.161392, 12, 125, -12.0, -118.0, 28, 62065] 		, 0 , 0 , [1. 0.]	 , NORMAL
[38.723804, -9.161392, 12, 125, -12.8, -116.0, 28, 4025] 		, 0 , 0 , [1. 0.]	 , NORMAL
[38.723804, -9.161392, 12, 125, -13.5, -117.0, 28, 5005] 		, 0 , 0 , [1. 0.]	 , NORMAL
[38.723804, -9.161392, 12, 125, -12.0, -117.0, 28, 5065] 		, 0 , 0 , [1. 0.]	 , NORMAL
[38.723804, -9.161392, 12, 125, -10.8, -116.0, 28, 65028] 		, 0 , 0 , [1. 0.]	 , NORMAL
[38.723804, -9.161392, 12, 125, -11.0, -116.0, 28, 4005] 		, 0 , 0 , [1. 0.]	 , NORMAL
[38.723804, -9.161392, 12, 125, -12.5, -118.0, 28, 65067] 		, 0 , 0 , [1. 0.]	 , NORMAL
[38.723804, -9.161392, 12, 125, -14.8, -116.0, 28, 4004] 		, 0 , 0 , [1. 0.]	 , NORMAL
[38.723804, -9.161392, 12, 125, -11.0, -117.0, 28, 57060] 		, 0 , 0 , [1. 0.]	 , NORMAL
[38.723804, -9.161392, 12, 125, -12.0, -117.0, 28, 3944] 		, 0 , 0 , [1. 0.]	 , NORMAL
[38.723804, -9.161392, 12, 125, -15.0, -117.0, 28, 62065] 		, 0 , 0 , [1. 0.]	 , NORMAL
[38.723804, -9.161392, 12, 125, -12.0, -116.0, 28, 4005] 		, 0 , 0 , [1. 0.]	 , NORMAL
[38.723804, -9.161392, 12, 125, -15.0, -109.0, 28, 57060] 		, 0 , 0 , [1. 0.]	 , NORMAL
[38.723804, -9.161392, 12, 125, -15.0, -113.0, 28, 4065] 		, 0 , 0 , [1. 0.]	 , NORMAL
[38.723804, -9.161392, 12, 125, -10.8, -112.0, 28, 68991] 		, 0 , 0 , [1. 0.]	 , NORMAL
[38.723804, -9.161392, 12, 125, -13.5, -118.0, 28, 3964] 		, 0 , 0 , [1. 0.]	 , NORMAL
[38.723804, -9.161392, 12, 125, -11.5, -117.0, 28, 8008] 		, 0 , 0 , [1. 0.]	 , NORMAL
[38.723804, -9.161392, 12, 125, -11.5, -115.0, 28, 8088] 		, 0 , 0 , [1. 0.]	 , NORMAL
[38.723804, -9.161392, 12, 125, -11.0, -118.0, 28, 3984] 		, 0 , 0 , [1. 0.]	 , NORMAL
[38.723804, -9.161392, 12, 125, -10.5, -118.0, 28, 123028] 		, 0 , 0 , [1. 0.]	 , NORMAL
[38.723804, -9.161392, 12, 125, -11.8, -116.0, 28, 60062] 		, 0 , 0 , [1. 0.]	 , NORMAL
[38.723804, -9.161392, 12, 125, -10.8, -116.0, 28, 71074] 		, 0 , 0 , [1. 0.]	 , NORMAL
[38.723804, -9.161392, 12, 125, -14.2, -112.0, 28, 62004] 		, 0 , 0 , [1. 0.]	 , NORMAL
[38.723804, -9.161392, 12, 125, -11.0, -117.0, 28, 66069] 		, 0 , 0 , [1. 0.]	 , NORMAL
[38.723804, -9.161392, 12, 125, -10.8, -117.0, 28, 65047] 		, 0 , 0 , [1. 0.]	 , NORMAL
[38.723804, -9.161392, 12, 125, -11.0, -118.0, 28, 59041] 		, 0 , 0 , [1. 0.]	 , NORMAL
[38.723804, -9.161392, 12, 125, -11.5, -117.0, 28, 4004] 		, 0 , 0 , [1. 0.]	 , NORMAL
[38.723804, -9.161392, 12, 125, -11.8, -116.0, 28, 9010] 		, 0 , 0 , [1. 0.]	 , NORMAL
[38.723804, -9.161392, 12, 125, -14.8, -115.0, 28, 54977] 		, 0 , 0 , [1. 0.]	 , NORMAL
[38.723804, -9.161392, 12, 125, -12.5, -118.0, 28, 70053] 		, 0 , 0 , [1. 0.]	 , NORMAL
[38.723804, -9.161392, 12, 125, -13.5, -115.0, 28, 4945] 		, 0 , 0 , [1. 0.]	 , NORMAL
[38.723804, -9.161392, 12, 125, -10.2, -112.0, 28, 70072] 		, 0 , 0 , [1. 0.]	 , NORMAL
[38.723804, -9.161392, 12, 125, -9.5, -118.0, 28, 67069] 		, 0 , 0 , [1. 0.]	 , NORMAL
[38.723804, -9.161392, 12, 125, -11.8, -117.0, 28, 9009] 		, 0 , 0 , [1. 0.]	 , NORMAL
[38.723804, -9.161392, 12, 125, -10.5, -119.0, 28, 57980] 		, 0 , 0 , [1. 0.]	 , NORMAL
[38.723804, -9.161392, 12, 125, -14.5, -118.0, 28, 4004] 		, 0 , 0 , [1. 0.]	 , NORMAL
[38.723804, -9.161392, 12, 125, -13.0, -118.0, 28, 5006] 		, 0 , 0 , [1. 0.]	 , NORMAL
[38.723804, -9.161392, 12, 125, -11.8, -116.0, 28, 66049] 		, 0 , 0 , [1. 0.]	 , NORMAL
[38.723804, -9.161392, 12, 125, -12.5, -118.0, 28, 67070] 		, 0 , 0 , [1. 0.]	 , NORMAL
[38.723804, -9.161392, 12, 125, -11.0, -116.0, 28, 4004] 		, 0 , 0 , [1. 0.]	 , NORMAL
[38.723804, -9.161392, 12, 125, -12.0, -116.0, 28, 71995] 		, 0 , 0 , [1. 0.]	 , NORMAL
[38.723804, -9.161392, 12, 125, -10.8, -117.0, 28, 71134] 		, 0 , 0 , [1. 0.]	 , NORMAL
[38.723804, -9.161392, 12, 125, -10.2, -118.0, 28, 4004] 		, 0 , 0 , [1. 0.]	 , NORMAL
[38.723804, -9.161392, 12, 125, -16.5, -111.0, 28, 70994] 		, 0 , 0 , [1. 0.]	 , NORMAL
[38.723804, -9.161392, 12, 125, -12.5, -119.0, 28, 4945] 		, 0 , 0 , [1. 0.]	 , NORMAL
[38.723804, -9.161392, 12, 125, -10.8, -118.0, 28, 3924] 		, 0 , 0 , [1. 0.]	 , NORMAL
[38.723804, -9.161392, 12, 125, -11.5, -116.0, 28, 5005] 		, 0 , 0 , [1. 0.]	 , NORMAL
[38.723804, -9.161392, 12, 125, -10.5, -117.0, 28, 59062] 		, 0 , 0 , [1. 0.]	 , NORMAL
[38.723804, -9.161392, 12, 125, -10.8, -118.0, 28, 70073] 		, 0 , 0 , [1. 0.]	 , NORMAL
[38.723804, -9.161392, 12, 125, -11.5, -112.0, 28, 4064] 		, 0 , 0 , [1. 0.]	 , NORMAL
[38.723804, -9.161392, 12, 125, -10.8, -117.0, 28, 5005] 		, 0 , 0 , [1. 0.]	 , NORMAL
[38.723804, -9.161392, 12, 125, -12.8, -118.0, 28, 62065] 		, 0 , 0 , [1. 0.]	 , NORMAL
[38.723804, -9.161392, 12, 125, -12.5, -103.0, 28, 4005] 		, 0 , 0 , [1. 0.]	 , NORMAL
[38.723804, -9.161392, 12, 125, -10.5, -118.0, 28, 4004] 		, 0 , 0 , [1. 0.]	 , NORMAL
[38.723804, -9.161392, 12, 125, -10.8, -117.0, 28, 60082] 		, 0 , 0 , [1. 0.]	 , NORMAL
[38.723804, -9.161392, 12, 125, -15.5, -112.0, 28, 5005] 		, 0 , 0 , [1. 0.]	 , NORMAL
[38.723804, -9.161392, 12, 125, -12.0, -116.0, 28, 61064] 		, 0 , 0 , [1. 0.]	 , NORMAL
[38.723804, -9.161392, 12, 125, -13.0, -118.0, 28, 5086] 		, 0 , 0 , [1. 0.]	 , NORMAL
[38.723804, -9.161392, 12, 125, -10.5, -117.0, 28, 3924] 		, 0 , 0 , [1. 0.]	 , NORMAL
[38.723804, -9.161392, 12, 125, -12.2, -117.0, 28, 9049] 		, 0 , 0 , [1. 0.]	 , NORMAL
[38.723804, -9.161392, 12, 125, -10.8, -118.0, 28, 61063] 		, 0 , 0 , [1. 0.]	 , NORMAL
[38.723804, -9.161392, 12, 125, -11.8, -118.0, 28, 121126] 		, 0 , 0 , [1. 0.]	 , NORMAL
[38.723804, -9.161392, 12, 125, -11.8, -118.0, 28, 5005] 		, 0 , 0 , [1. 0.]	 , NORMAL
[38.723804, -9.161392, 12, 125, -11.0, -118.0, 28, 4004] 		, 0 , 0 , [1. 0.]	 , NORMAL
[38.723804, -9.161392, 12, 125, -10.8, -116.0, 28, 58080] 		, 0 , 0 , [1. 0.]	 , NORMAL
[38.723804, -9.161392, 12, 125, -12.0, -116.0, 28, 60062] 		, 0 , 0 , [1. 0.]	 , NORMAL
[38.723804, -9.161392, 12, 125, -13.2, -118.0, 28, 59061] 		, 0 , 0 , [1. 0.]	 , NORMAL
[38.723804, -9.161392, 12, 125, -12.0, -118.0, 28, 4004] 		, 0 , 0 , [1. 0.]	 , NORMAL
[38.723804, -9.161392, 12, 125, -11.0, -115.0, 28, 5005] 		, 0 , 0 , [1. 0.]	 , NORMAL
[38.723804, -9.161392, 12, 125, -11.0, -118.0, 28, 66068] 		, 0 , 0 , [1. 0.]	 , NORMAL
[38.723804, -9.161392, 12, 125, -11.0, -117.0, 28, 4084] 		, 0 , 0 , [1. 0.]	 , NORMAL
[38.723804, -9.161392, 12, 125, -12.8, -116.0, 28, 4003] 		, 0 , 0 , [1. 0.]	 , NORMAL
[38.723804, -9.161392, 12, 125, -14.8, -115.0, 28, 53055] 		, 0 , 0 , [1. 0.]	 , NORMAL
[38.723804, -9.161392, 12, 125, -12.0, -118.0, 28, 5005] 		, 0 , 0 , [1. 0.]	 , NORMAL
[38.723804, -9.161392, 12, 125, -12.0, -117.0, 28, 4004] 		, 0 , 0 , [1. 0.]	 , NORMAL
[38.723804, -9.161392, 12, 125, -14.2, -118.0, 28, 4005] 		, 0 , 0 , [1. 0.]	 , NORMAL
[38.723804, -9.161392, 12, 125, -11.5, -117.0, 28, 4004] 		, 0 , 0 , [1. 0.]	 , NORMAL
[38.723804, -9.161392, 12, 125, -12.5, -116.0, 28, 4005] 		, 0 , 0 , [1. 0.]	 , NORMAL
[38.723804, -9.161392, 12, 125, -11.2, -118.0, 28, 64047] 		, 0 , 0 , [1. 0.]	 , NORMAL
[38.723804, -9.161392, 12, 125, -11.0, -118.0, 28, 4004] 		, 0 , 0 , [1. 0.]	 , NORMAL
[38.723804, -9.161392, 12, 125, -12.0, -118.0, 28, 8009] 		, 0 , 0 , [1. 0.]	 , NORMAL
[38.723804, -9.161392, 12, 125, -10.5, -117.0, 28, 4004] 		, 0 , 0 , [1. 0.]	 , NORMAL
[38.723804, -9.161392, 12, 125, -12.8, -119.0, 28, 63046] 		, 0 , 0 , [1. 0.]	 , NORMAL
[38.723804, -9.161392, 12, 125, -10.8, -118.0, 28, 5005] 		, 0 , 0 , [1. 0.]	 , NORMAL
[38.723804, -9.161392, 12, 125, -10.8, -117.0, 28, 61124] 		, 0 , 0 , [1. 0.]	 , NORMAL
[38.723804, -9.161392, 12, 125, -12.8, -115.0, 28, 4004] 		, 0 , 0 , [1. 0.]	 , NORMAL
[38.723804, -9.161392, 12, 125, -11.5, -118.0, 28, 69172] 		, 0 , 0 , [1. 0.]	 , NORMAL
[38.723804, -9.161392, 12, 125, -11.5, -118.0, 28, 58061] 		, 0 , 0 , [1. 0.]	 , NORMAL
[38.723804, -9.161392, 12, 125, -12.2, -113.0, 28, 4945] 		, 0 , 0 , [1. 0.]	 , NORMAL
[38.723804, -9.161392, 12, 125, -13.5, -111.0, 28, 8008] 		, 0 , 0 , [1. 0.]	 , NORMAL
[38.723804, -9.161392, 12, 125, -12.5, -115.0, 28, 63065] 		, 0 , 0 , [1. 0.]	 , NORMAL
[38.723804, -9.161392, 12, 125, -12.0, -117.0, 28, 4004] 		, 0 , 0 , [1. 0.]	 , NORMAL
[38.723804, -9.161392, 12, 125, -13.5, -116.0, 28, 65028] 		, 0 , 0 , [1. 0.]	 , NORMAL
[38.723804, -9.161392, 12, 125, -11.5, -117.0, 28, 53055] 		, 0 , 0 , [1. 0.]	 , NORMAL
[38.723804, -9.161392, 12, 125, -14.5, -119.0, 28, 3924] 		, 0 , 0 , [1. 0.]	 , NORMAL
[38.723804, -9.161392, 12, 125, -12.0, -119.0, 28, 60123] 		, 0 , 0 , [1. 0.]	 , NORMAL
[38.723804, -9.161392, 9, 125, -13.5, -114.0, 28, 5005] 		, 1 , 1 , [0.4 0.6]	 , INTRUSION
[38.723804, -9.161392, 12, 125, -12.8, -118.0, 28, 57119] 		, 0 , 0 , [1. 0.]	 , NORMAL
[38.723804, -9.161392, 12, 125, -13.5, -118.0, 28, 5085] 		, 0 , 0 , [1. 0.]	 , NORMAL
[38.723804, -9.161392, 12, 125, -10.0, -118.0, 28, 70073] 		, 0 , 0 , [1. 0.]	 , NORMAL
[38.723804, -9.161392, 12, 125, -15.0, -112.0, 28, 65108] 		, 0 , 0 , [1. 0.]	 , NORMAL
[38.723804, -9.161392, 12, 125, -14.5, -118.0, 28, 48589] 		, 1 , 0 , [1. 0.]	 , NORMAL
[38.723804, -9.161392, 12, 125, -12.0, -119.0, 28, 57119] 		, 0 , 0 , [1. 0.]	 , NORMAL
[38.723804, -9.161392, 12, 125, -10.5, -116.0, 28, 5005] 		, 0 , 0 , [1. 0.]	 , NORMAL
[38.723804, -9.161392, 12, 125, -10.5, -118.0, 28, 57059] 		, 0 , 0 , [1. 0.]	 , NORMAL
[38.723804, -9.161392, 12, 125, -10.8, -117.0, 28, 65068] 		, 0 , 0 , [1. 0.]	 , NORMAL
[38.723804, -9.161392, 12, 125, -10.5, -116.0, 28, 52054] 		, 0 , 0 , [1. 0.]	 , NORMAL
[38.723804, -9.161392, 12, 125, -12.0, -117.0, 28, 61063] 		, 0 , 0 , [1. 0.]	 , NORMAL
[38.723804, -9.161392, 12, 125, -12.2, -117.0, 28, 61003] 		, 0 , 0 , [1. 0.]	 , NORMAL
[38.723804, -9.161392, 12, 125, -12.2, -117.0, 28, 56058] 		, 0 , 0 , [1. 0.]	 , NORMAL
[38.723804, -9.161392, 12, 125, -12.5, -118.0, 28, 58061] 		, 0 , 0 , [1. 0.]	 , NORMAL
[38.723804, -9.161392, 12, 125, -11.0, -118.0, 28, 4005] 		, 0 , 0 , [1. 0.]	 , NORMAL
[38.723804, -9.161392, 12, 125, -11.5, -115.0, 28, 8008] 		, 0 , 0 , [1. 0.]	 , NORMAL
[38.723804, -9.161392, 12, 125, -10.5, -118.0, 28, 10051] 		, 0 , 0 , [1. 0.]	 , NORMAL
[38.723804, -9.161392, 12, 125, -12.8, -117.0, 28, 66029] 		, 0 , 0 , [1. 0.]	 , NORMAL
[38.723804, -9.161392, 12, 125, -16.2, -112.0, 28, 7988] 		, 0 , 0 , [1. 0.]	 , NORMAL
[38.723804, -9.161392, 12, 125, -13.2, -116.0, 28, 3924] 		, 0 , 0 , [1. 0.]	 , NORMAL
[38.723804, -9.161392, 12, 125, -10.8, -116.0, 28, 54056] 		, 0 , 0 , [1. 0.]	 , NORMAL
[38.723804, -9.161392, 12, 125, -12.2, -116.0, 28, 4005] 		, 0 , 0 , [1. 0.]	 , NORMAL
[38.723804, -9.161392, 12, 125, -15.5, -112.0, 28, 3944] 		, 0 , 0 , [1. 0.]	 , NORMAL
[38.723804, -9.161392, 12, 125, -14.2, -116.0, 28, 5006] 		, 0 , 0 , [1. 0.]	 , NORMAL
[38.723804, -9.161392, 12, 125, -14.5, -116.0, 28, 61063] 		, 0 , 0 , [1. 0.]	 , NORMAL
[38.723804, -9.161392, 12, 125, -11.5, -105.0, 28, 62105] 		, 0 , 0 , [1. 0.]	 , NORMAL
[38.723804, -9.161392, 12, 125, -13.0, -117.0, 28, 9010] 		, 0 , 0 , [1. 0.]	 , NORMAL
[38.723804, -9.161392, 12, 125, -14.0, -116.0, 28, 4085] 		, 0 , 0 , [1. 0.]	 , NORMAL
[38.723804, -9.161392, 12, 125, -15.2, -117.0, 28, 8008] 		, 0 , 0 , [1. 0.]	 , NORMAL
[38.723804, -9.161392, 12, 125, -10.8, -118.0, 28, 4024] 		, 0 , 0 , [1. 0.]	 , NORMAL
[38.723804, -9.161392, 12, 125, -12.0, -118.0, 28, 3924] 		, 0 , 0 , [1. 0.]	 , NORMAL
[38.723804, -9.161392, 12, 125, -11.0, -118.0, 28, 60062] 		, 0 , 0 , [1. 0.]	 , NORMAL
[38.723804, -9.161392, 12, 125, -10.8, -118.0, 28, 4004] 		, 0 , 0 , [1. 0.]	 , NORMAL
[38.723804, -9.161392, 12, 125, -10.0, -117.0, 28, 4004] 		, 0 , 0 , [1. 0.]	 , NORMAL
[38.723804, -9.161392, 12, 125, -12.0, -116.0, 28, 58060] 		, 0 , 0 , [1. 0.]	 , NORMAL
[38.723804, -9.161392, 12, 125, -11.5, -118.0, 28, 4004] 		, 0 , 0 , [1. 0.]	 , NORMAL
[38.723804, -9.161392, 12, 125, -11.5, -117.0, 28, 134139] 		, 0 , 0 , [1. 0.]	 , NORMAL
[38.723804, -9.161392, 12, 125, -12.8, -119.0, 28, 57060] 		, 0 , 0 , [1. 0.]	 , NORMAL
[38.723804, -9.161392, 12, 125, -12.2, -117.0, 28, 51053] 		, 0 , 0 , [1. 0.]	 , NORMAL
[38.723804, -9.161392, 7, 125, -10.8, -116.0, 28, 4004] 		, 1 , 1 , [0.4 0.6]	 , INTRUSION
[38.723804, -9.161392, 12, 125, -13.5, -109.0, 28, 63086] 		, 0 , 0 , [1. 0.]	 , NORMAL
[38.723804, -9.161392, 12, 125, -13.8, -117.0, 28, 5005] 		, 0 , 0 , [1. 0.]	 , NORMAL
[38.723804, -9.161392, 12, 125, -13.2, -117.0, 28, 5005] 		, 0 , 0 , [1. 0.]	 , NORMAL
[38.723804, -9.161392, 12, 125, -10.5, -117.0, 28, 4004] 		, 0 , 0 , [1. 0.]	 , NORMAL
[38.723804, -9.161392, 12, 125, -12.5, -119.0, 28, 4004] 		, 0 , 0 , [1. 0.]	 , NORMAL
[38.723804, -9.161392, 12, 125, -11.8, -116.0, 28, 55078] 		, 0 , 0 , [1. 0.]	 , NORMAL
[38.723804, -9.161392, 12, 125, -10.8, -116.0, 28, 144149] 		, 0 , 0 , [1. 0.]	 , NORMAL
[38.723804, -9.161392, 12, 125, -12.2, -110.0, 28, 4004] 		, 0 , 0 , [1. 0.]	 , NORMAL
[38.723804, -9.161392, 12, 125, -16.8, -111.0, 28, 5065] 		, 0 , 0 , [1. 0.]	 , NORMAL
[38.723804, -9.161392, 12, 125, -11.8, -119.0, 28, 4005] 		, 0 , 0 , [1. 0.]	 , NORMAL
[38.723804, -9.161392, 12, 125, -11.8, -117.0, 28, 132138] 		, 0 , 0 , [1. 0.]	 , NORMAL
[38.723804, -9.161392, 12, 125, -12.0, -117.0, 28, 53055] 		, 0 , 0 , [1. 0.]	 , NORMAL
[38.723804, -9.161392, 12, 125, -11.2, -117.0, 28, 4004] 		, 0 , 0 , [1. 0.]	 , NORMAL
[38.723804, -9.161392, 12, 125, -13.0, -118.0, 28, 66069] 		, 0 , 0 , [1. 0.]	 , NORMAL
[38.723804, -9.161392, 12, 125, -11.5, -119.0, 28, 4004] 		, 0 , 0 , [1. 0.]	 , NORMAL
[38.723804, -9.161392, 12, 125, -15.2, -109.0, 28, 123128] 		, 0 , 0 , [1. 0.]	 , NORMAL
[38.723804, -9.161392, 12, 125, -13.5, -117.0, 28, 5005] 		, 0 , 0 , [1. 0.]	 , NORMAL
[38.723804, -9.161392, 12, 125, -12.0, -118.0, 28, 59142] 		, 0 , 0 , [1. 0.]	 , NORMAL
[38.723804, -9.161392, 12, 125, -18.5, -117.0, 28, 9009] 		, 0 , 0 , [0.8 0.2]	 , DUVIDAS
[38.723804, -9.161392, 12, 125, -9.8, -117.0, 28, 4004] 		, 0 , 0 , [1. 0.]	 , NORMAL
[38.723804, -9.161392, 12, 125, -11.2, -118.0, 28, 60002] 		, 0 , 0 , [1. 0.]	 , NORMAL
[38.723804, -9.161392, 12, 125, -12.8, -116.0, 28, 59041] 		, 0 , 0 , [1. 0.]	 , NORMAL
[38.723804, -9.161392, 12, 125, -12.0, -117.0, 28, 57060] 		, 0 , 0 , [1. 0.]	 , NORMAL
[38.723804, -9.161392, 12, 125, -10.0, -118.0, 28, 4004] 		, 0 , 0 , [1. 0.]	 , NORMAL
[38.723804, -9.161392, 12, 125, -14.0, -116.0, 28, 62065] 		, 0 , 0 , [1. 0.]	 , NORMAL
[38.723804, -9.161392, 12, 125, -12.8, -117.0, 28, 3964] 		, 0 , 0 , [1. 0.]	 , NORMAL
[38.723804, -9.161392, 12, 125, -12.2, -118.0, 28, 61064] 		, 0 , 0 , [1. 0.]	 , NORMAL
[38.723804, -9.161392, 12, 125, -10.8, -118.0, 28, 4965] 		, 0 , 0 , [1. 0.]	 , NORMAL
[38.723804, -9.161392, 12, 125, -10.8, -117.0, 28, 61064] 		, 0 , 0 , [1. 0.]	 , NORMAL
[38.723804, -9.161392, 12, 125, -13.0, -116.0, 28, 66069] 		, 0 , 0 , [1. 0.]	 , NORMAL
[38.723804, -9.161392, 12, 125, -11.5, -116.0, 28, 65068] 		, 0 , 0 , [1. 0.]	 , NORMAL
[38.723804, -9.161392, 12, 125, -12.0, -119.0, 28, 66049] 		, 0 , 0 , [1. 0.]	 , NORMAL
[38.723804, -9.161392, 12, 125, -11.0, -119.0, 28, 4084] 		, 0 , 0 , [1. 0.]	 , NORMAL
[38.723804, -9.161392, 12, 125, -15.0, -118.0, 28, 4004] 		, 0 , 0 , [1. 0.]	 , NORMAL
[38.723804, -9.161392, 12, 125, -12.0, -117.0, 28, 4004] 		, 0 , 0 , [1. 0.]	 , NORMAL
[38.723804, -9.161392, 12, 125, -12.2, -118.0, 28, 53136] 		, 0 , 0 , [1. 0.]	 , NORMAL
[38.723804, -9.161392, 12, 125, -11.8, -118.0, 28, 4004] 		, 0 , 0 , [1. 0.]	 , NORMAL
[38.723804, -9.161392, 12, 125, -12.5, -117.0, 28, 4005] 		, 0 , 0 , [1. 0.]	 , NORMAL
[38.723804, -9.161392, 12, 125, -12.2, -117.0, 28, 4005] 		, 0 , 0 , [1. 0.]	 , NORMAL
[38.723804, -9.161392, 12, 125, -14.2, -116.0, 28, 4004] 		, 0 , 0 , [1. 0.]	 , NORMAL
[38.723804, -9.161392, 12, 125, -11.8, -117.0, 28, 4004] 		, 0 , 0 , [1. 0.]	 , NORMAL
[38.723804, -9.161392, 12, 125, -12.5, -117.0, 28, 52055] 		, 0 , 0 , [1. 0.]	 , NORMAL
[38.723804, -9.161392, 12, 125, -13.5, -116.0, 28, 53095] 		, 0 , 0 , [1. 0.]	 , NORMAL
[38.723804, -9.161392, 12, 125, -12.5, -119.0, 28, 64066] 		, 0 , 0 , [1. 0.]	 , NORMAL
[38.723804, -9.161392, 12, 125, -11.2, -118.0, 28, 4965] 		, 0 , 0 , [1. 0.]	 , NORMAL
[38.723804, -9.161392, 12, 125, -11.2, -117.0, 28, 5005] 		, 0 , 0 , [1. 0.]	 , NORMAL
[38.723804, -9.161392, 12, 125, -10.8, -115.0, 28, 8089] 		, 0 , 0 , [1. 0.]	 , NORMAL
[38.723804, -9.161392, 12, 125, -13.5, -114.0, 28, 56058] 		, 0 , 0 , [1. 0.]	 , NORMAL
[38.723804, -9.161392, 12, 125, -11.2, -116.0, 28, 66069] 		, 0 , 0 , [1. 0.]	 , NORMAL
[38.723804, -9.161392, 12, 125, -13.0, -118.0, 28, 3924] 		, 0 , 0 , [1. 0.]	 , NORMAL
[38.723804, -9.161392, 12, 125, -12.2, -118.0, 28, 52995] 		, 0 , 0 , [1. 0.]	 , NORMAL
[38.723804, -9.161392, 12, 125, -12.8, -117.0, 28, 4004] 		, 0 , 0 , [1. 0.]	 , NORMAL
[38.723804, -9.161392, 12, 125, -11.2, -115.0, 28, 68071] 		, 0 , 0 , [1. 0.]	 , NORMAL
[38.723804, -9.161392, 12, 125, -18.8, -109.0, 28, 8949] 		, 0 , 0 , [1. 0.]	 , NORMAL
[38.723804, -9.161392, 12, 125, -12.5, -110.0, 28, 53996] 		, 0 , 0 , [1. 0.]	 , NORMAL
[38.723804, -9.161392, 12, 125, -10.2, -116.0, 28, 53055] 		, 0 , 0 , [1. 0.]	 , NORMAL
[38.723804, -9.161392, 12, 125, -13.8, -118.0, 28, 3944] 		, 0 , 0 , [1. 0.]	 , NORMAL
[38.723804, -9.161392, 12, 125, -11.2, -117.0, 28, 56078] 		, 0 , 0 , [1. 0.]	 , NORMAL
[38.723804, -9.161392, 12, 125, -11.2, -115.0, 28, 56058] 		, 0 , 0 , [1. 0.]	 , NORMAL
[38.723804, -9.161392, 12, 125, -14.5, -113.0, 28, 72075] 		, 0 , 0 , [1. 0.]	 , NORMAL
[38.723804, -9.161392, 12, 125, -12.8, -118.0, 28, 4004] 		, 0 , 0 , [1. 0.]	 , NORMAL
[38.723804, -9.161392, 12, 125, -13.5, -112.0, 28, 61063] 		, 0 , 0 , [1. 0.]	 , NORMAL
[38.723804, -9.161392, 12, 125, -12.5, -118.0, 28, 4004] 		, 0 , 0 , [1. 0.]	 , NORMAL
[38.723804, -9.161392, 12, 125, -13.2, -116.0, 28, 58061] 		, 0 , 0 , [1. 0.]	 , NORMAL
[38.723804, -9.161392, 12, 125, -12.2, -119.0, 28, 9010] 		, 0 , 0 , [1. 0.]	 , NORMAL
[38.723804, -9.161392, 12, 125, -11.5, -115.0, 28, 5005] 		, 0 , 0 , [1. 0.]	 , NORMAL
[38.723804, -9.161392, 12, 125, -14.5, -113.0, 28, 60062] 		, 0 , 0 , [1. 0.]	 , NORMAL
[38.723804, -9.161392, 12, 125, -12.5, -117.0, 28, 64027] 		, 0 , 0 , [1. 0.]	 , NORMAL
[38.723804, -9.161392, 12, 125, -11.5, -118.0, 28, 4005] 		, 0 , 0 , [1. 0.]	 , NORMAL
[38.723804, -9.161392, 12, 125, -10.5, -118.0, 28, 4925] 		, 0 , 0 , [1. 0.]	 , NORMAL
[38.723804, -9.161392, 12, 125, -12.2, -116.0, 28, 55057] 		, 0 , 0 , [1. 0.]	 , NORMAL
[38.723804, -9.161392, 12, 125, -13.2, -117.0, 28, 10010] 		, 0 , 0 , [1. 0.]	 , NORMAL
[38.723804, -9.161392, 12, 125, -13.2, -119.0, 28, 59061] 		, 0 , 0 , [1. 0.]	 , NORMAL
